step: -1 absorber: Au
 1.012   1.22984900e-02
 1.043   9.75492400e-03
 1.074   1.20613600e-02
 1.104   1.82654200e-02
 1.135   2.55605100e-02
 1.166   3.24629800e-02
 1.197   3.80331000e-02
 1.227   4.15423900e-02
 1.258   4.24302600e-02
 1.289   4.03326400e-02
 1.319   3.51338500e-02
 1.350   2.70579400e-02
 1.381   1.70228900e-02
 1.411   9.77699600e-03
 1.442   1.72696700e-02
 1.473   3.08086800e-02
 1.503   4.43231800e-02
 1.534   5.58918400e-02
 1.565   6.41448000e-02
 1.595   6.79544300e-02
 1.626   6.64725500e-02
 1.657   5.92337500e-02
 1.687   4.63465000e-02
 1.718   2.92531300e-02
 1.749   1.77679100e-02
 1.779   3.47441300e-02
 1.810   6.32146500e-02
 1.841   9.35026700e-02
 1.871   1.22430400e-01
 1.902   1.47582900e-01
 1.933   1.66872400e-01
 1.963   1.78671200e-01
 1.994   1.82108800e-01
 2.025   1.77551200e-01
 2.056   1.67422600e-01
 2.086   1.57493100e-01
 2.117   1.57513300e-01
 2.148   1.76979400e-01
 2.178   2.17233200e-01
 2.209   2.72170900e-01
 2.240   3.34396700e-01
 2.270   3.97651100e-01
 2.301   4.56821700e-01
 2.332   5.07714300e-01
 2.362   5.47007900e-01
 2.393   5.72338800e-01
 2.424   5.82437800e-01
 2.454   5.77276200e-01
 2.485   5.58199400e-01
 2.516   5.28031800e-01
 2.546   4.91124500e-01
 2.577   4.53229900e-01
 2.608   4.20917200e-01
 2.638   4.00086300e-01
 2.669   3.93665700e-01
 2.700   4.00048200e-01
 2.730   4.14036400e-01
 2.761   4.29545500e-01
 2.792   4.41917700e-01
 2.823   4.49064300e-01
 2.853   4.51823300e-01
 2.884   4.53846400e-01
 2.915   4.60838900e-01
 2.945   4.78765400e-01
 2.976   5.11302000e-01
 3.007   5.58054800e-01
 3.037   6.14843200e-01
 3.068   6.75410300e-01
 3.099   7.33108100e-01
 3.129   7.81925200e-01
 3.160   8.16982400e-01
 3.191   8.34748100e-01
 3.221   8.33119400e-01
 3.252   8.11426100e-01
 3.283   7.70372500e-01
 3.313   7.11924900e-01
 3.344   6.39152900e-01
 3.375   5.56044800e-01
 3.405   4.67332200e-01
 3.436   3.78392100e-01
 3.467   2.95351400e-01
 3.497   2.25538400e-01
 3.528   1.77743500e-01
 3.559   1.58575300e-01
 3.590   1.63421400e-01
 3.620   1.78853000e-01
 3.651   1.94926300e-01
 3.682   2.08134200e-01
 3.712   2.19031600e-01
 3.743   2.30006800e-01
 3.774   2.43547000e-01
 3.804   2.60908100e-01
 3.835   2.81563300e-01
 3.866   3.03560400e-01
 3.896   3.24341500e-01
 3.927   3.41488300e-01
 3.958   3.53191200e-01
 3.988   3.58471200e-01
 4.019   3.57239000e-01
 4.050   3.50240200e-01
 4.080   3.38901400e-01
 4.111   3.25071600e-01
 4.142   3.10652400e-01
 4.172   2.97151300e-01
 4.203   2.85270100e-01
 4.234   2.74705400e-01
 4.264   2.64287000e-01
 4.295   2.52403100e-01
 4.326   2.37520500e-01
 4.357   2.18626900e-01
 4.387   1.95549700e-01
 4.418   1.69232000e-01
 4.449   1.42152000e-01
 4.479   1.19086700e-01
 4.510   1.07433800e-01
 4.541   1.13112000e-01
 4.571   1.33748200e-01
 4.602   1.62125800e-01
 4.633   1.92724700e-01
 4.663   2.22660300e-01
 4.694   2.50807100e-01
 4.725   2.77128600e-01
 4.755   3.02224400e-01
 4.786   3.26933900e-01
 4.817   3.51960500e-01
 4.847   3.77566300e-01
 4.878   4.03412700e-01
 4.909   4.28575400e-01
 4.939   4.51703800e-01
 4.970   4.71253100e-01
 5.001   4.85722800e-01
 5.031   4.93859700e-01
 5.062   4.94807000e-01
 5.093   4.88196500e-01
 5.123   4.74189300e-01
 5.154   4.53469700e-01
 5.185   4.27201000e-01
 5.216   3.96948400e-01
 5.246   3.64575200e-01
 5.277   3.32113100e-01
 5.308   3.01601300e-01
 5.338   2.74885800e-01
 5.369   2.53384200e-01
 5.400   2.37861700e-01
 5.430   2.28329100e-01
 5.461   2.24158900e-01
 5.492   2.24386400e-01
 5.522   2.28018100e-01
 5.553   2.34193500e-01
 5.584   2.42177600e-01
 5.614   2.51268100e-01
 5.645   2.60708000e-01
 5.676   2.69658300e-01
 5.706   2.77234000e-01
 5.737   2.82581100e-01
 5.768   2.84964200e-01
 5.798   2.83844700e-01
 5.829   2.78935600e-01
 5.860   2.70230200e-01
 5.890   2.58004600e-01
 5.921   2.42798000e-01
 5.952   2.25373200e-01
step: 0 absorber: Au
 1.012   2.75254300e-02
 1.043   3.21032500e-02
 1.074   4.12252500e-02
 1.104   5.24492700e-02
 1.135   6.36632300e-02
 1.166   7.32379900e-02
 1.197   7.98553400e-02
 1.227   8.24620000e-02
 1.258   8.03168300e-02
 1.289   7.31038600e-02
 1.319   6.11696300e-02
 1.350   4.62444700e-02
 1.381   3.42846800e-02
 1.411   3.85298800e-02
 1.442   5.91545900e-02
 1.473   8.53070100e-02
 1.503   1.11330200e-01
 1.534   1.34012800e-01
 1.565   1.50920200e-01
 1.595   1.60150700e-01
 1.626   1.60494200e-01
 1.657   1.51851900e-01
 1.687   1.36159500e-01
 1.718   1.19509500e-01
 1.749   1.15064700e-01
 1.779   1.36828300e-01
 1.810   1.83506800e-01
 1.841   2.44713000e-01
 1.871   3.11928800e-01
 1.902   3.79028200e-01
 1.933   4.41136000e-01
 1.963   4.94205400e-01
 1.994   5.35037900e-01
 2.025   5.61497700e-01
 2.056   5.72830600e-01
 2.086   5.70056600e-01
 2.117   5.56423100e-01
 2.148   5.37821400e-01
 2.178   5.22781500e-01
 2.209   5.21153000e-01
 2.240   5.40738000e-01
 2.270   5.83465900e-01
 2.301   6.44686700e-01
 2.332   7.16005200e-01
 2.362   7.88503300e-01
 2.393   8.54516100e-01
 2.424   9.08281600e-01
 2.454   9.46142000e-01
 2.485   9.66634100e-01
 2.516   9.70547700e-01
 2.546   9.60920500e-01
 2.577   9.42865600e-01
 2.608   9.23057000e-01
 2.638   9.08654000e-01
 2.669   9.05613200e-01
 2.700   9.16839700e-01
 2.730   9.41137200e-01
 2.761   9.73641600e-01
 2.792   1.00739400e+00
 2.823   1.03509400e+00
 2.853   1.05036500e+00
 2.884   1.04843500e+00
 2.915   1.02639500e+00
 2.945   9.83204300e-01
 2.976   9.19554300e-01
 3.007   8.37647800e-01
 3.037   7.40920500e-01
 3.068   6.33727500e-01
 3.099   5.21022100e-01
 3.129   4.08064900e-01
 3.160   3.00256200e-01
 3.191   2.03372900e-01
 3.221   1.25376200e-01
 3.252   8.29099700e-02
 3.283   8.99848900e-02
 3.313   1.16664400e-01
 3.344   1.39369400e-01
 3.375   1.53611300e-01
 3.405   1.61166400e-01
 3.436   1.66047300e-01
 3.467   1.72670400e-01
 3.497   1.84053600e-01
 3.528   2.00594800e-01
 3.559   2.20403700e-01
 3.590   2.40661000e-01
 3.620   2.58790200e-01
 3.651   2.73024500e-01
 3.682   2.82560200e-01
 3.712   2.87508800e-01
 3.743   2.88743800e-01
 3.774   2.87666400e-01
 3.804   2.85892700e-01
 3.835   2.84892300e-01
 3.866   2.85653200e-01
 3.896   2.88491400e-01
 3.927   2.93079600e-01
 3.958   2.98667000e-01
 3.988   3.04364700e-01
 4.019   3.09378100e-01
 4.050   3.13126800e-01
 4.080   3.15261900e-01
 4.111   3.15619100e-01
 4.142   3.14151500e-01
 4.172   3.10879100e-01
 4.203   3.05874900e-01
 4.234   2.99291200e-01
 4.264   2.91410700e-01
 4.295   2.82695700e-01
 4.326   2.73799300e-01
 4.357   2.65505200e-01
 4.387   2.58576000e-01
 4.418   2.53530400e-01
 4.449   2.50421800e-01
 4.479   2.48723400e-01
 4.510   2.47388600e-01
 4.541   2.45063500e-01
 4.571   2.40358800e-01
 4.602   2.32097500e-01
 4.633   2.19495800e-01
 4.663   2.02287600e-01
 4.694   1.80825100e-01
 4.725   1.56225900e-01
 4.755   1.30695000e-01
 4.786   1.08223400e-01
 4.817   9.52676900e-02
 4.847   9.80401000e-02
 4.878   1.15646000e-01
 4.909   1.41622600e-01
 4.939   1.70542700e-01
 4.970   1.99334300e-01
 5.001   2.26404600e-01
 5.031   2.50975000e-01
 5.062   2.72725100e-01
 5.093   2.91580600e-01
 5.123   3.07566400e-01
 5.154   3.20701500e-01
 5.185   3.30934200e-01
 5.216   3.38120900e-01
 5.246   3.42043700e-01
 5.277   3.42458200e-01
 5.308   3.39157600e-01
 5.338   3.32036700e-01
 5.369   3.21145900e-01
 5.400   3.06724500e-01
 5.430   2.89212000e-01
 5.461   2.69235700e-01
 5.492   2.47578000e-01
 5.522   2.25124500e-01
 5.553   2.02797900e-01
 5.584   1.81477800e-01
 5.614   1.61911600e-01
 5.645   1.44622600e-01
 5.676   1.29837100e-01
 5.706   1.17458900e-01
 5.737   1.07121100e-01
 5.768   9.83102600e-02
 5.798   9.05206400e-02
 5.829   8.33769000e-02
 5.860   7.66919700e-02
 5.890   7.04571900e-02
 5.921   6.47828200e-02
 5.952   5.98106300e-02
step: 1 absorber: Au
 1.012   2.78860500e-02
 1.043   3.26634200e-02
 1.074   4.18525100e-02
 1.104   5.30822500e-02
 1.135   6.42921800e-02
 1.166   7.38762700e-02
 1.197   8.05280400e-02
 1.227   8.32016000e-02
 1.258   8.11610900e-02
 1.289   7.40944800e-02
 1.319   6.23490100e-02
 1.350   4.76271400e-02
 1.381   3.56162000e-02
 1.411   3.89642000e-02
 1.442   5.87727200e-02
 1.473   8.45229600e-02
 1.503   1.10360700e-01
 1.534   1.32997600e-01
 1.565   1.49979400e-01
 1.595   1.59404000e-01
 1.626   1.60067600e-01
 1.657   1.51879500e-01
 1.687   1.36771800e-01
 1.718   1.20749000e-01
 1.749   1.16595300e-01
 1.779   1.37913000e-01
 1.810   1.83797400e-01
 1.841   2.44277700e-01
 1.871   3.10930600e-01
 1.902   3.77640200e-01
 1.933   4.39536600e-01
 1.963   4.92580900e-01
 1.994   5.33579800e-01
 2.025   5.60395300e-01
 2.056   5.72256900e-01
 2.086   5.70146400e-01
 2.117   5.57237200e-01
 2.148   5.39291900e-01
 2.178   5.24646800e-01
 2.209   5.22934900e-01
 2.240   5.41850300e-01
 2.270   5.83435700e-01
 2.301   6.43297800e-01
 2.332   7.13271500e-01
 2.362   7.84573100e-01
 2.393   8.49596200e-01
 2.424   9.02594100e-01
 2.454   9.39902000e-01
 2.485   9.60035900e-01
 2.516   9.63755400e-01
 2.546   9.54061800e-01
 2.577   9.36030500e-01
 2.608   9.16302000e-01
 2.638   9.02012200e-01
 2.669   8.99107000e-01
 2.700   9.10490900e-01
 2.730   9.34973400e-01
 2.761   9.67700300e-01
 2.792   1.00172700e+00
 2.823   1.02976600e+00
 2.853   1.04545300e+00
 2.884   1.04402200e+00
 2.915   1.02256100e+00
 2.945   9.80017500e-01
 2.976   9.17063600e-01
 3.007   8.35878000e-01
 3.037   7.39868400e-01
 3.068   6.33360800e-01
 3.099   5.21279900e-01
 3.129   4.08858200e-01
 3.160   3.01465200e-01
 3.191   2.04825900e-01
 3.221   1.26738100e-01
 3.252   8.33273000e-02
 3.283   8.90953000e-02
 3.313   1.15361100e-01
 3.344   1.38111600e-01
 3.375   1.52592400e-01
 3.405   1.60488000e-01
 3.436   1.65750000e-01
 3.467   1.72728000e-01
 3.497   1.84378600e-01
 3.528   2.01076900e-01
 3.559   2.20953900e-01
 3.590   2.41229500e-01
 3.620   2.59360100e-01
 3.651   2.73600000e-01
 3.682   2.83157300e-01
 3.712   2.88150700e-01
 3.743   2.89459800e-01
 3.774   2.88492000e-01
 3.804   2.86868700e-01
 3.835   2.86059900e-01
 3.866   2.87046400e-01
 3.896   2.90125800e-01
 3.927   2.94943200e-01
 3.958   3.00714300e-01
 3.988   3.06515900e-01
 4.019   3.11522200e-01
 4.050   3.15128900e-01
 4.080   3.16974700e-01
 4.111   3.16897200e-01
 4.142   3.14866100e-01
 4.172   3.10931500e-01
 4.203   3.05204200e-01
 4.234   2.97876700e-01
 4.264   2.89267400e-01
 4.295   2.79866600e-01
 4.326   2.70345500e-01
 4.357   2.61497300e-01
 4.387   2.54088400e-01
 4.418   2.48637500e-01
 4.449   2.45195800e-01
 4.479   2.43232800e-01
 4.510   2.41698900e-01
 4.541   2.39239800e-01
 4.571   2.34470400e-01
 4.602   2.26221200e-01
 4.633   2.13718600e-01
 4.663   1.96708500e-01
 4.694   1.75559100e-01
 4.725   1.51416600e-01
 4.755   1.26550500e-01
 4.786   1.05083200e-01
 4.817   9.35752900e-02
 4.847   9.78593600e-02
 4.878   1.16398500e-01
 4.909   1.42728100e-01
 4.939   1.71703400e-01
 4.970   2.00440700e-01
 5.001   2.27437600e-01
 5.031   2.51953500e-01
 5.062   2.73676900e-01
 5.093   2.92525800e-01
 5.123   3.08507900e-01
 5.154   3.21621600e-01
 5.185   3.31796000e-01
 5.216   3.38873300e-01
 5.246   3.42628400e-01
 5.277   3.42817400e-01
 5.308   3.39240600e-01
 5.338   3.31805200e-01
 5.369   3.20576900e-01
 5.400   3.05811200e-01
 5.430   2.87963800e-01
 5.461   2.67676800e-01
 5.492   2.45745800e-01
 5.522   2.23067800e-01
 5.553   2.00575300e-01
 5.584   1.79156000e-01
 5.614   1.59563200e-01
 5.645   1.42321900e-01
 5.676   1.27652800e-01
 5.706   1.15445300e-01
 5.737   1.05310100e-01
 5.768   9.67094400e-02
 5.798   8.91167900e-02
 5.829   8.21436000e-02
 5.860   7.55971800e-02
 5.890   6.94690000e-02
 5.921   6.38729400e-02
 5.952   5.89562000e-02
step: 2 absorber: Au
 1.012   2.35286300e-02
 1.043   3.49993200e-02
 1.074   4.87550800e-02
 1.104   6.19440600e-02
 1.135   7.27816700e-02
 1.166   7.98719400e-02
 1.197   8.20971300e-02
 1.227   7.86582100e-02
 1.258   6.91641700e-02
 1.289   5.37834800e-02
 1.319   3.37841900e-02
 1.350   1.71381400e-02
 1.381   3.23756100e-02
 1.411   6.16937600e-02
 1.442   9.20597100e-02
 1.473   1.19901100e-01
 1.503   1.42523600e-01
 1.534   1.57534600e-01
 1.565   1.62937800e-01
 1.595   1.57373100e-01
 1.626   1.40537600e-01
 1.657   1.14232800e-01
 1.687   8.61730000e-02
 1.718   8.04269600e-02
 1.749   1.17796800e-01
 1.779   1.80417200e-01
 1.810   2.52369100e-01
 1.841   3.25766300e-01
 1.871   3.95089800e-01
 1.902   4.55688400e-01
 1.933   5.03610700e-01
 1.963   5.35801800e-01
 1.994   5.50439000e-01
 2.025   5.47369600e-01
 2.056   5.28689400e-01
 2.086   4.99530100e-01
 2.117   4.68967500e-01
 2.148   4.50130100e-01
 2.178   4.56944500e-01
 2.209   4.96544800e-01
 2.240   5.64680900e-01
 2.270   6.50018500e-01
 2.301   7.40499600e-01
 2.332   8.26175400e-01
 2.362   8.99660600e-01
 2.393   9.56008800e-01
 2.424   9.92615500e-01
 2.454   1.00920300e+00
 2.485   1.00781800e+00
 2.516   9.92739100e-01
 2.546   9.70152000e-01
 2.577   9.47402700e-01
 2.608   9.31643700e-01
 2.638   9.27990400e-01
 2.669   9.37863500e-01
 2.700   9.58488400e-01
 2.730   9.83890800e-01
 2.761   1.00671200e+00
 2.792   1.01988700e+00
 2.823   1.01772400e+00
 2.853   9.96407100e-01
 2.884   9.54125700e-01
 2.915   8.90979400e-01
 2.945   8.08764900e-01
 2.976   7.10686100e-01
 3.007   6.01023200e-01
 3.037   4.84789500e-01
 3.068   3.67430000e-01
 3.099   2.54703100e-01
 3.129   1.53418500e-01
 3.160   7.80643700e-02
 3.191   7.33643400e-02
 3.221   1.17072600e-01
 3.252   1.56044200e-01
 3.283   1.80549400e-01
 3.313   1.90068400e-01
 3.344   1.86531400e-01
 3.375   1.73228700e-01
 3.405   1.54538600e-01
 3.436   1.35789300e-01
 3.467   1.22629000e-01
 3.497   1.18843600e-01
 3.528   1.23639800e-01
 3.559   1.32493100e-01
 3.590   1.40655300e-01
 3.620   1.45002100e-01
 3.651   1.44087000e-01
 3.682   1.37743300e-01
 3.712   1.26732700e-01
 3.743   1.12492300e-01
 3.774   9.69529600e-02
 3.804   8.23822300e-02
 3.835   7.11015100e-02
 3.866   6.47723500e-02
 3.896   6.33862200e-02
 3.927   6.52696000e-02
 3.958   6.84532900e-02
 3.988   7.17370500e-02
 4.019   7.47821300e-02
 4.050   7.77491100e-02
 4.080   8.08752400e-02
 4.111   8.41596300e-02
 4.142   8.72486500e-02
 4.172   8.95196300e-02
 4.203   9.02667300e-02
 4.234   8.88830500e-02
 4.264   8.49852700e-02
 4.295   7.84746800e-02
 4.326   6.95473800e-02
 4.357   5.86689700e-02
 4.387   4.65283900e-02
 4.418   3.39896000e-02
 4.449   2.20910500e-02
 4.479   1.23364400e-02
 4.510   8.13832200e-03
 4.541   1.05842300e-02
 4.571   1.32963800e-02
 4.602   1.37729300e-02
 4.633   1.19428100e-02
 4.663   9.50306400e-03
 4.694   1.14465300e-02
 4.725   1.93697900e-02
 4.755   3.01913200e-02
 4.786   4.21965700e-02
 4.817   5.44271300e-02
 4.847   6.61825400e-02
 4.878   7.69293300e-02
 4.909   8.62919800e-02
 4.939   9.40529600e-02
 4.970   1.00143900e-01
 5.001   1.04623300e-01
 5.031   1.07642000e-01
 5.062   1.09399700e-01
 5.093   1.10099600e-01
 5.123   1.09909900e-01
 5.154   1.08939700e-01
 5.185   1.07234400e-01
 5.216   1.04790300e-01
 5.246   1.01581700e-01
 5.277   9.75930200e-02
 5.308   9.28467200e-02
 5.338   8.74215400e-02
 5.369   8.14580100e-02
 5.400   7.51511700e-02
 5.430   6.87316500e-02
 5.461   6.24371300e-02
 5.492   5.64777200e-02
 5.522   5.10005300e-02
 5.553   4.60625700e-02
 5.584   4.16227200e-02
 5.614   3.75598000e-02
 5.645   3.37134700e-02
 5.676   2.99342800e-02
 5.706   2.61271800e-02
 5.737   2.22811700e-02
 5.768   1.84886000e-02
 5.798   1.49662300e-02
 5.829   1.20854000e-02
 5.860   1.03457000e-02
 5.890   1.00578400e-02
 5.921   1.08948800e-02
 5.952   1.21555900e-02
step: 3 absorber: Au
 1.012   2.46580800e-02
 1.043   3.54913300e-02
 1.074   4.84549000e-02
 1.104   6.08750000e-02
 1.135   7.10271600e-02
 1.166   7.75706700e-02
 1.197   7.94471900e-02
 1.227   7.59204300e-02
 1.258   6.66715500e-02
 1.289   5.19875700e-02
 1.319   3.34998300e-02
 1.350   2.01628800e-02
 1.381   3.44775500e-02
 1.411   6.18096200e-02
 1.442   9.05290300e-02
 1.473   1.16925600e-01
 1.503   1.38344900e-01
 1.534   1.52496800e-01
 1.565   1.57514300e-01
 1.595   1.52191000e-01
 1.626   1.36427900e-01
 1.657   1.12363000e-01
 1.687   8.81354700e-02
 1.718   8.56647000e-02
 1.749   1.21278900e-01
 1.779   1.80252500e-01
 1.810   2.48431600e-01
 1.841   3.18193200e-01
 1.871   3.84165400e-01
 1.902   4.41874000e-01
 1.933   4.87566100e-01
 1.963   5.18389300e-01
 1.994   5.32711300e-01
 2.025   5.30542300e-01
 2.056   5.14086900e-01
 2.086   4.88459700e-01
 2.117   4.62408800e-01
 2.148   4.48091600e-01
 2.178   4.57747700e-01
 2.209   4.97113500e-01
 2.240   5.61988200e-01
 2.270   6.42051700e-01
 2.301   7.26223700e-01
 2.332   8.05186600e-01
 2.362   8.71911600e-01
 2.393   9.21633200e-01
 2.424   9.51809500e-01
 2.454   9.62141200e-01
 2.485   9.54604600e-01
 2.516   9.33415900e-01
 2.546   9.04794800e-01
 2.577   8.76315900e-01
 2.608   8.55595300e-01
 2.638   8.48321200e-01
 2.669   8.56316500e-01
 2.700   8.76830900e-01
 2.730   9.03598800e-01
 2.761   9.28878600e-01
 2.792   9.45296600e-01
 2.823   9.46963400e-01
 2.853   9.29943900e-01
 2.884   8.92338400e-01
 2.915   8.34158700e-01
 2.945   7.57099500e-01
 2.976   6.64248900e-01
 3.007   5.59767200e-01
 3.037   4.48563800e-01
 3.068   3.36036000e-01
 3.099   2.28076000e-01
 3.129   1.32450700e-01
 3.160   7.00406200e-02
 3.191   8.56658300e-02
 3.221   1.32403900e-01
 3.252   1.70536400e-01
 3.283   1.93659400e-01
 3.313   2.01538100e-01
 3.344   1.95930100e-01
 3.375   1.79787600e-01
 3.405   1.57039100e-01
 3.436   1.32604600e-01
 3.467   1.12399000e-01
 3.497   1.02132500e-01
 3.528   1.03467700e-01
 3.559   1.12062800e-01
 3.590   1.21822900e-01
 3.620   1.28552100e-01
 3.651   1.30242500e-01
 3.682   1.26425000e-01
 3.712   1.17656100e-01
 3.743   1.05192400e-01
 3.774   9.07824200e-02
 3.804   7.65250900e-02
 3.835   6.47089900e-02
 3.866   5.73542000e-02
 3.896   5.52192700e-02
 3.927   5.72423000e-02
 3.958   6.16204200e-02
 3.988   6.71381000e-02
 4.019   7.34006800e-02
 4.050   8.04198800e-02
 4.080   8.81543000e-02
 4.111   9.62545700e-02
 4.142   1.04050600e-01
 4.172   1.10691800e-01
 4.203   1.15325200e-01
 4.234   1.17242600e-01
 4.264   1.15978000e-01
 4.295   1.11357500e-01
 4.326   1.03512700e-01
 4.357   9.28652600e-02
 4.387   8.00923800e-02
 4.418   6.60862700e-02
 4.449   5.19260300e-02
 4.479   3.88968900e-02
 4.510   2.85795000e-02
 4.541   2.26835500e-02
 4.571   2.14445600e-02
 4.602   2.23680500e-02
 4.633   2.27783500e-02
 4.663   2.14347100e-02
 4.694   1.82371300e-02
 4.725   1.42047500e-02
 4.755   1.25469100e-02
 4.786   1.69432100e-02
 4.817   2.54989900e-02
 4.847   3.55492100e-02
 4.878   4.58307200e-02
 4.909   5.56628800e-02
 4.939   6.46302400e-02
 4.970   7.24940000e-02
 5.001   7.91536600e-02
 5.031   8.46143500e-02
 5.062   8.89504200e-02
 5.093   9.22665900e-02
 5.123   9.46622500e-02
 5.154   9.62054500e-02
 5.185   9.69215900e-02
 5.216   9.67979700e-02
 5.246   9.58013900e-02
 5.277   9.39025900e-02
 5.308   9.11010200e-02
 5.338   8.74442700e-02
 5.369   8.30385500e-02
 5.400   7.80486200e-02
 5.430   7.26869100e-02
 5.461   6.71925200e-02
 5.492   6.18013000e-02
 5.522   5.67105900e-02
 5.553   5.20449100e-02
 5.584   4.78329300e-02
 5.614   4.40066100e-02
 5.645   4.04269200e-02
 5.676   3.69287000e-02
 5.706   3.33695500e-02
 5.737   2.96689600e-02
 5.768   2.58327800e-02
 5.798   2.19668900e-02
 5.829   1.82885600e-02
 5.860   1.51378500e-02
 5.890   1.29499400e-02
 5.921   1.20586400e-02
 5.952   1.23490500e-02
step: 4 absorber: Au
 1.012   3.02340800e-02
 1.043   4.13115200e-02
 1.074   5.26985900e-02
 1.104   6.24865800e-02
 1.135   6.92988100e-02
 1.166   7.20807600e-02
 1.197   7.00967100e-02
 1.227   6.30058900e-02
 1.258   5.10315100e-02
 1.289   3.55481600e-02
 1.319   2.26376100e-02
 1.350   2.97595400e-02
 1.381   5.21174400e-02
 1.411   7.73592200e-02
 1.442   1.01196000e-01
 1.473   1.21012300e-01
 1.503   1.34661700e-01
 1.534   1.40408000e-01
 1.565   1.37106000e-01
 1.595   1.24572800e-01
 1.626   1.04495000e-01
 1.657   8.32731500e-02
 1.687   7.82154000e-02
 1.718   1.05544200e-01
 1.749   1.55364300e-01
 1.779   2.14622900e-01
 1.810   2.76018000e-01
 1.841   3.34564300e-01
 1.871   3.86193500e-01
 1.902   4.27519100e-01
 1.933   4.55970100e-01
 1.963   4.70068700e-01
 1.994   4.69804300e-01
 2.025   4.57118300e-01
 2.056   4.36516000e-01
 2.086   4.15637800e-01
 2.117   4.04948900e-01
 2.148   4.14810200e-01
 2.178   4.50015900e-01
 2.209   5.07019500e-01
 2.240   5.77023300e-01
 2.270   6.50407300e-01
 2.301   7.18931100e-01
 2.332   7.76271300e-01
 2.362   8.18052800e-01
 2.393   8.41841300e-01
 2.424   8.47179800e-01
 2.454   8.35642500e-01
 2.485   8.10851200e-01
 2.516   7.78356600e-01
 2.546   7.45196900e-01
 2.577   7.18845300e-01
 2.608   7.05379400e-01
 2.638   7.07369700e-01
 2.669   7.22790500e-01
 2.700   7.45860100e-01
 2.730   7.69136800e-01
 2.761   7.85483800e-01
 2.792   7.89218900e-01
 2.823   7.76551700e-01
 2.853   7.45621400e-01
 2.884   6.96346000e-01
 2.915   6.30185600e-01
 2.945   5.49858800e-01
 2.976   4.59027900e-01
 3.007   3.61968200e-01
 3.037   2.63233100e-01
 3.068   1.67333300e-01
 3.099   7.84616500e-02
 3.129   4.40509600e-03
 3.160   6.52990700e-02
 3.191   1.15213800e-01
 3.221   1.49263100e-01
 3.252   1.67650900e-01
 3.283   1.71606200e-01
 3.313   1.63303900e-01
 3.344   1.45834300e-01
 3.375   1.23313000e-01
 3.405   1.01265600e-01
 3.436   8.68330200e-02
 3.467   8.57416200e-02
 3.497   9.59839100e-02
 3.528   1.10204300e-01
 3.559   1.22554300e-01
 3.590   1.29959500e-01
 3.620   1.31198600e-01
 3.651   1.26216200e-01
 3.682   1.15751700e-01
 3.712   1.01122300e-01
 3.743   8.40985900e-02
 3.774   6.68923600e-02
 3.804   5.22876300e-02
 3.835   4.35328000e-02
 3.866   4.23494500e-02
 3.896   4.63672200e-02
 3.927   5.17033000e-02
 3.958   5.60390800e-02
 3.988   5.86158800e-02
 4.019   5.95629600e-02
 4.050   5.94355700e-02
 4.080   5.88798700e-02
 4.111   5.83551500e-02
 4.142   5.79578400e-02
 4.172   5.74204000e-02
 4.203   5.62700500e-02
 4.234   5.40380100e-02
 4.264   5.04205900e-02
 4.295   4.53638500e-02
 4.326   3.90929300e-02
 4.357   3.21234600e-02
 4.387   2.52997500e-02
 4.418   1.98747700e-02
 4.449   1.72819400e-02
 4.479   1.77461100e-02
 4.510   1.95936000e-02
 4.541   2.10521800e-02
 4.571   2.11827800e-02
 4.602   1.97186300e-02
 4.633   1.69604000e-02
 4.663   1.40455800e-02
 4.694   1.34866600e-02
 4.725   1.72958200e-02
 4.755   2.41720700e-02
 4.786   3.22700600e-02
 4.817   4.05373400e-02
 4.847   4.83729000e-02
 4.878   5.54178500e-02
 4.909   6.14838900e-02
 4.939   6.65198700e-02
 4.970   7.05816900e-02
 5.001   7.37956200e-02
 5.031   7.63153800e-02
 5.062   7.82791600e-02
 5.093   7.97754700e-02
 5.123   8.08259600e-02
 5.154   8.13889800e-02
 5.185   8.13808500e-02
 5.216   8.07068600e-02
 5.246   7.92929100e-02
 5.277   7.71104400e-02
 5.308   7.41908400e-02
 5.338   7.06280000e-02
 5.369   6.65698700e-02
 5.400   6.22005200e-02
 5.430   5.77150100e-02
 5.461   5.32902600e-02
 5.492   4.90569800e-02
 5.522   4.50795500e-02
 5.553   4.13509300e-02
 5.584   3.78065500e-02
 5.614   3.43542200e-02
 5.645   3.09113700e-02
 5.676   2.74399600e-02
 5.706   2.39735000e-02
 5.737   2.06361000e-02
 5.768   1.76533900e-02
 5.798   1.53388600e-02
 5.829   1.39995000e-02
 5.860   1.37256300e-02
 5.890   1.42540700e-02
 5.921   1.51238200e-02
 5.952   1.59175700e-02
step: 5 absorber: Au
 1.012   2.12121700e-02
 1.043   3.02853200e-02
 1.074   4.30782900e-02
 1.104   5.62191200e-02
 1.135   6.77405800e-02
 1.166   7.61701700e-02
 1.197   8.03130200e-02
 1.227   7.92607700e-02
 1.258   7.24700800e-02
 1.289   5.98954100e-02
 1.319   4.23414900e-02
 1.350   2.37158000e-02
 1.381   2.48177000e-02
 1.411   4.98316400e-02
 1.442   7.93435900e-02
 1.473   1.07922300e-01
 1.503   1.32631600e-01
 1.534   1.50993700e-01
 1.565   1.60887900e-01
 1.595   1.60726500e-01
 1.626   1.49778800e-01
 1.657   1.28850500e-01
 1.687   1.02295300e-01
 1.718   8.44150800e-02
 1.749   1.00627900e-01
 1.779   1.50475300e-01
 1.810   2.15908600e-01
 1.841   2.86353800e-01
 1.871   3.55451000e-01
 1.902   4.18241800e-01
 1.933   4.70537000e-01
 1.963   5.08951600e-01
 1.994   5.31156800e-01
 2.025   5.36242800e-01
 2.056   5.25188700e-01
 2.086   5.01491200e-01
 2.117   4.71957800e-01
 2.148   4.47267700e-01
 2.178   4.40679400e-01
 2.209   4.62653300e-01
 2.240   5.14257900e-01
 2.270   5.87314900e-01
 2.301   6.70290200e-01
 2.332   7.52650800e-01
 2.362   8.26185400e-01
 2.393   8.85080400e-01
 2.424   9.25814100e-01
 2.454   9.47115900e-01
 2.485   9.49971600e-01
 2.516   9.37597300e-01
 2.546   9.15268900e-01
 2.577   8.89835200e-01
 2.608   8.68691500e-01
 2.638   8.58116200e-01
 2.669   8.61364300e-01
 2.700   8.77498400e-01
 2.730   9.01762700e-01
 2.761   9.27219700e-01
 2.792   9.46616800e-01
 2.823   9.53724200e-01
 2.853   9.44024000e-01
 2.884   9.14934600e-01
 2.915   8.65771100e-01
 2.945   7.97563000e-01
 2.976   7.12790200e-01
 3.007   6.15067900e-01
 3.037   5.08803700e-01
 3.068   3.98847200e-01
 3.099   2.90167600e-01
 3.129   1.87644900e-01
 3.160   9.65021900e-02
 3.191   3.30405200e-02
 3.221   6.33228300e-02
 3.252   1.08763600e-01
 3.283   1.40338000e-01
 3.313   1.57147500e-01
 3.344   1.60902100e-01
 3.375   1.54553400e-01
 3.405   1.42053800e-01
 3.436   1.28198900e-01
 3.467   1.18040800e-01
 3.497   1.15143200e-01
 3.528   1.19421500e-01
 3.559   1.27516600e-01
 3.590   1.35446000e-01
 3.620   1.40352900e-01
 3.651   1.40788900e-01
 3.682   1.36468000e-01
 3.712   1.27972200e-01
 3.743   1.16503300e-01
 3.774   1.03672800e-01
 3.804   9.13064500e-02
 3.835   8.12171900e-02
 3.866   7.48804700e-02
 3.896   7.30604300e-02
 3.927   7.57076500e-02
 3.958   8.23275100e-02
 3.988   9.23998500e-02
 4.019   1.05435200e-01
 4.050   1.20802100e-01
 4.080   1.37608800e-01
 4.111   1.54728700e-01
 4.142   1.70918300e-01
 4.172   1.84962900e-01
 4.203   1.95810200e-01
 4.234   2.02680000e-01
 4.264   2.05142600e-01
 4.295   2.03166700e-01
 4.326   1.97135400e-01
 4.357   1.87828200e-01
 4.387   1.76364600e-01
 4.418   1.64094000e-01
 4.449   1.52410400e-01
 4.479   1.42476700e-01
 4.510   1.34906400e-01
 4.541   1.29551100e-01
 4.571   1.25561400e-01
 4.602   1.21713000e-01
 4.633   1.16799900e-01
 4.663   1.09908700e-01
 4.694   1.00532300e-01
 4.725   8.85734800e-02
 4.755   7.42980200e-02
 4.786   5.82921600e-02
 4.817   4.15191200e-02
 4.847   2.59210100e-02
 4.878   1.78372100e-02
 4.909   2.52820800e-02
 4.939   3.91430200e-02
 4.970   5.33647400e-02
 5.001   6.65202200e-02
 5.031   7.82210500e-02
 5.062   8.84016000e-02
 5.093   9.71258800e-02
 5.123   1.04493700e-01
 5.154   1.10581200e-01
 5.185   1.15407700e-01
 5.216   1.18930100e-01
 5.246   1.21060000e-01
 5.277   1.21697800e-01
 5.308   1.20772300e-01
 5.338   1.18277000e-01
 5.369   1.14297100e-01
 5.400   1.09022300e-01
 5.430   1.02744200e-01
 5.461   9.58379500e-02
 5.492   8.87272400e-02
 5.522   8.18325600e-02
 5.553   7.55060200e-02
 5.584   6.99638500e-02
 5.614   6.52397300e-02
 5.645   6.11847700e-02
 5.676   5.75235100e-02
 5.706   5.39444500e-02
 5.737   5.01883100e-02
 5.768   4.61074400e-02
 5.798   4.16911300e-02
 5.829   3.70654100e-02
 5.860   3.24771100e-02
 5.890   2.82641500e-02
 5.921   2.47983100e-02
 5.952   2.23726600e-02
step: 6 absorber: Au
 1.012   4.08514100e-02
 1.043   4.85766700e-02
 1.074   5.51169700e-02
 1.104   5.93367800e-02
 1.135   6.04012400e-02
 1.166   5.78115800e-02
 1.197   5.15227100e-02
 1.227   4.22544400e-02
 1.258   3.25063700e-02
 1.289   2.90033400e-02
 1.319   3.81880900e-02
 1.350   5.53238900e-02
 1.381   7.44757300e-02
 1.411   9.23637700e-02
 1.442   1.06769800e-01
 1.473   1.15975000e-01
 1.503   1.18736700e-01
 1.534   1.14488600e-01
 1.565   1.03810600e-01
 1.595   8.95798000e-02
 1.626   7.95254600e-02
 1.657   8.64211200e-02
 1.687   1.14870300e-01
 1.718   1.57294400e-01
 1.749   2.05991200e-01
 1.779   2.55759500e-01
 1.810   3.02695500e-01
 1.841   3.43618100e-01
 1.871   3.75998500e-01
 1.902   3.98104300e-01
 1.933   4.09245600e-01
 1.963   4.10090300e-01
 1.994   4.03029700e-01
 2.025   3.92506000e-01
 2.056   3.84975700e-01
 2.086   3.87799000e-01
 2.117   4.06586200e-01
 2.148   4.42409200e-01
 2.178   4.91498900e-01
 2.209   5.47414700e-01
 2.240   6.03328100e-01
 2.270   6.53247400e-01
 2.301   6.92474200e-01
 2.332   7.17764000e-01
 2.362   7.27420800e-01
 2.393   7.21386900e-01
 2.424   7.01331600e-01
 2.454   6.70715300e-01
 2.485   6.34753100e-01
 2.516   6.00089000e-01
 2.546   5.73832200e-01
 2.577   5.61680200e-01
 2.608   5.65668800e-01
 2.638   5.83152900e-01
 2.669   6.08002500e-01
 2.700   6.32938600e-01
 2.730   6.51388500e-01
 2.761   6.58362500e-01
 2.792   6.50667800e-01
 2.823   6.26826100e-01
 2.853   5.86883900e-01
 2.884   5.32183200e-01
 2.915   4.65111300e-01
 2.945   3.88834300e-01
 2.976   3.07022200e-01
 3.007   2.23575600e-01
 3.037   1.42378000e-01
 3.068   6.71893800e-02
 3.099   1.01172300e-02
 3.129   5.69113000e-02
 3.160   9.93492400e-02
 3.191   1.28474500e-01
 3.221   1.44129600e-01
 3.252   1.47089200e-01
 3.283   1.38826300e-01
 3.313   1.21353100e-01
 3.344   9.70522800e-02
 3.375   6.85030600e-02
 3.405   3.83370200e-02
 3.436   9.73395900e-03
 3.467   1.89681900e-02
 3.497   4.08827300e-02
 3.528   5.73368100e-02
 3.559   6.74425500e-02
 3.590   7.10070100e-02
 3.620   6.83367900e-02
 3.651   6.01493400e-02
 3.682   4.74756500e-02
 3.712   3.15593400e-02
 3.743   1.38342900e-02
 3.774   6.07175100e-03
 3.804   2.35242400e-02
 3.835   4.01366800e-02
 3.866   5.46454200e-02
 3.896   6.65554500e-02
 3.927   7.56547600e-02
 3.958   8.19520700e-02
 3.988   8.56131500e-02
 4.019   8.68895600e-02
 4.050   8.60512700e-02
 4.080   8.33379300e-02
 4.111   7.89408300e-02
 4.142   7.30220200e-02
 4.172   6.57699700e-02
 4.203   5.74912700e-02
 4.234   4.87515800e-02
 4.264   4.06019100e-02
 4.295   3.48456200e-02
 4.326   3.36491200e-02
 4.357   3.75396700e-02
 4.387   4.46383000e-02
 4.418   5.26911900e-02
 4.449   6.01615600e-02
 4.479   6.61218200e-02
 4.510   7.00358000e-02
 4.541   7.16433600e-02
 4.571   7.09030100e-02
 4.602   6.79547600e-02
 4.633   6.30863400e-02
 4.663   5.66972200e-02
 4.694   4.92598900e-02
 4.725   4.12802000e-02
 4.755   3.32596400e-02
 4.786   2.56628500e-02
 4.817   1.88943100e-02
 4.847   1.32876900e-02
 4.878   9.10469700e-03
 4.909   6.49403600e-03
 4.939   5.28808000e-03
 4.970   4.90118800e-03
 5.001   4.85219300e-03
 5.031   5.12279600e-03
 5.062   5.89844200e-03
 5.093   7.20483700e-03
 5.123   8.87459000e-03
 5.154   1.07072600e-02
 5.185   1.25533700e-02
 5.216   1.43214900e-02
 5.246   1.59612300e-02
 5.277   1.74420000e-02
 5.308   1.87344100e-02
 5.338   1.97986400e-02
 5.369   2.05818300e-02
 5.400   2.10239400e-02
 5.430   2.10688100e-02
 5.461   2.06765200e-02
 5.492   1.98338800e-02
 5.522   1.85608300e-02
 5.553   1.69121500e-02
 5.584   1.49745800e-02
 5.614   1.28602800e-02
 5.645   1.06977600e-02
 5.676   8.62174700e-03
 5.706   6.76334200e-03
 5.737   5.24038700e-03
 5.768   4.14343900e-03
 5.798   3.50791600e-03
 5.829   3.28687700e-03
 5.860   3.38267600e-03
 5.890   3.71642700e-03
 5.921   4.23764400e-03
 5.952   4.88929200e-03
step: 7 absorber: Au
 1.012   4.06589100e-02
 1.043   5.00772500e-02
 1.074   5.82659500e-02
 1.104   6.38171900e-02
 1.135   6.56740000e-02
 1.166   6.31231700e-02
 1.197   5.58701500e-02
 1.227   4.42391500e-02
 1.258   2.99838700e-02
 1.289   2.10308600e-02
 1.319   3.21376200e-02
 1.350   5.39742800e-02
 1.381   7.74316900e-02
 1.411   9.90397100e-02
 1.442   1.16421800e-01
 1.473   1.27592300e-01
 1.503   1.30967900e-01
 1.534   1.25558000e-01
 1.565   1.11354500e-01
 1.595   9.03699000e-02
 1.626   7.02564100e-02
 1.657   7.10575900e-02
 1.687   1.04078300e-01
 1.718   1.54924300e-01
 1.749   2.12363300e-01
 1.779   2.70379100e-01
 1.810   3.24619900e-01
 1.841   3.71445000e-01
 1.871   4.07844000e-01
 1.902   4.31618000e-01
 1.933   4.41672200e-01
 1.963   4.38399600e-01
 1.994   4.24179500e-01
 2.025   4.03993500e-01
 2.056   3.85895400e-01
 2.086   3.80266200e-01
 2.117   3.96183600e-01
 2.148   4.36197000e-01
 2.178   4.95182200e-01
 2.209   5.64224600e-01
 2.240   6.34413300e-01
 2.270   6.98370700e-01
 2.301   7.50539100e-01
 2.332   7.87172900e-01
 2.362   8.06341800e-01
 2.393   8.07978300e-01
 2.424   7.93935700e-01
 2.454   7.68003100e-01
 2.485   7.35776700e-01
 2.516   7.04189600e-01
 2.546   6.80409100e-01
 2.577   6.69980700e-01
 2.608   6.74824800e-01
 2.638   6.92413400e-01
 2.669   7.16840200e-01
 2.700   7.40917700e-01
 2.730   7.57972400e-01
 2.761   7.62820800e-01
 2.792   7.52101000e-01
 2.823   7.24262500e-01
 2.853   6.79401700e-01
 2.884   6.19029000e-01
 2.915   5.45797000e-01
 2.945   4.63208800e-01
 2.976   3.75320200e-01
 3.007   2.86465400e-01
 3.037   2.01073900e-01
 3.068   1.23864100e-01
 3.099   6.24227200e-02
 3.129   4.35356800e-02
 3.160   7.00148400e-02
 3.191   9.56203000e-02
 3.221   1.09915600e-01
 3.252   1.12215400e-01
 3.283   1.03831900e-01
 3.313   8.69188200e-02
 3.344   6.40772000e-02
 3.375   3.81336200e-02
 3.405   1.25318400e-02
 3.436   1.50688000e-02
 3.467   3.51727600e-02
 3.497   5.04288200e-02
 3.528   5.94459000e-02
 3.559   6.18623500e-02
 3.590   5.79496100e-02
 3.620   4.85127300e-02
 3.651   3.47988900e-02
 3.682   1.84999000e-02
 3.712   5.49933600e-03
 3.743   1.86055000e-02
 3.774   3.38415400e-02
 3.804   4.61876000e-02
 3.835   5.45420200e-02
 3.866   5.83440000e-02
 3.896   5.74700600e-02
 3.927   5.22013600e-02
 3.958   4.31743200e-02
 3.988   3.13108000e-02
 4.019   1.77443000e-02
 4.050   4.09177400e-03
 4.080   1.03527400e-02
 4.111   2.20508700e-02
 4.142   3.12562700e-02
 4.172   3.72716600e-02
 4.203   3.97686900e-02
 4.234   3.87611400e-02
 4.264   3.46261300e-02
 4.295   2.81846200e-02
 4.326   2.10477900e-02
 4.357   1.67074900e-02
 4.387   1.93754200e-02
 4.418   2.68872200e-02
 4.449   3.51742200e-02
 4.479   4.22642000e-02
 4.510   4.72268100e-02
 4.541   4.96151300e-02
 4.571   4.93104300e-02
 4.602   4.64707900e-02
 4.633   4.15103500e-02
 4.663   3.51079100e-02
 4.694   2.82860700e-02
 4.725   2.26210100e-02
 4.755   2.02283400e-02
 4.786   2.20389600e-02
 4.817   2.63498600e-02
 4.847   3.10648300e-02
 4.878   3.50003000e-02
 4.909   3.76293400e-02
 4.939   3.87891800e-02
 4.970   3.85374500e-02
 5.001   3.70742600e-02
 5.031   3.46869300e-02
 5.062   3.17024600e-02
 5.093   2.84439000e-02
 5.123   2.51911300e-02
 5.154   2.21504400e-02
 5.185   1.94400700e-02
 5.216   1.70995100e-02
 5.246   1.51231200e-02
 5.277   1.35042900e-02
 5.308   1.22651300e-02
 5.338   1.14471800e-02
 5.369   1.10606500e-02
 5.400   1.10311500e-02
 5.430   1.11997000e-02
 5.461   1.13773700e-02
 5.492   1.14043000e-02
 5.522   1.11819400e-02
 5.553   1.06814900e-02
 5.584   9.93962000e-03
 5.614   9.04735200e-03
 5.645   8.13172700e-03
 5.676   7.32500200e-03
 5.706   6.71761100e-03
 5.737   6.31133400e-03
 5.768   6.01425100e-03
 5.798   5.69169500e-03
 5.829   5.22995100e-03
 5.860   4.57438700e-03
 5.890   3.74774600e-03
 5.921   2.88178700e-03
 5.952   2.30676900e-03
step: 8 absorber: Au
 1.012   3.24685000e-02
 1.043   3.78789200e-02
 1.074   4.48009400e-02
 1.104   5.17106200e-02
 1.135   5.73217600e-02
 1.166   6.06385500e-02
 1.197   6.09716500e-02
 1.227   5.80108400e-02
 1.258   5.20038800e-02
 1.289   4.41936900e-02
 1.319   3.78211800e-02
 1.350   3.85202200e-02
 1.381   4.88764800e-02
 1.411   6.51765100e-02
 1.442   8.31699500e-02
 1.473   9.99709300e-02
 1.503   1.13508200e-01
 1.534   1.22255600e-01
 1.565   1.25291000e-01
 1.595   1.22583400e-01
 1.626   1.15585500e-01
 1.657   1.08274900e-01
 1.687   1.07945900e-01
 1.718   1.22241400e-01
 1.749   1.52564300e-01
 1.779   1.94376200e-01
 1.810   2.42186000e-01
 1.841   2.91391100e-01
 1.871   3.38218800e-01
 1.902   3.79558200e-01
 1.933   4.12973700e-01
 1.963   4.36845900e-01
 1.994   4.50581300e-01
 2.025   4.54855900e-01
 2.056   4.51849900e-01
 2.086   4.45375300e-01
 2.117   4.40658800e-01
 2.148   4.43411600e-01
 2.178   4.58052100e-01
 2.209   4.85867100e-01
 2.240   5.24502200e-01
 2.270   5.69095100e-01
 2.301   6.13955400e-01
 2.332   6.53812000e-01
 2.362   6.84487100e-01
 2.393   7.03226700e-01
 2.424   7.08884700e-01
 2.454   7.02048100e-01
 2.485   6.85112500e-01
 2.516   6.62244800e-01
 2.546   6.39079000e-01
 2.577   6.21884600e-01
 2.608   6.16027000e-01
 2.638   6.24093400e-01
 2.669   6.44790800e-01
 2.700   6.73472700e-01
 2.730   7.03819500e-01
 2.761   7.29507500e-01
 2.792   7.45241200e-01
 2.823   7.47195500e-01
 2.853   7.33113800e-01
 2.884   7.02243200e-01
 2.915   6.55189600e-01
 2.945   5.93728700e-01
 2.976   5.20585200e-01
 3.007   4.39195500e-01
 3.037   3.53474400e-01
 3.068   2.67630600e-01
 3.099   1.86172900e-01
 3.129   1.14728100e-01
 3.160   6.51423200e-02
 3.191   6.23853300e-02
 3.221   8.89947700e-02
 3.252   1.12997900e-01
 3.283   1.26591500e-01
 3.313   1.28841800e-01
 3.344   1.20740400e-01
 3.375   1.04161000e-01
 3.405   8.14956400e-02
 3.436   5.55409100e-02
 3.467   3.01436000e-02
 3.497   1.77543500e-02
 3.528   3.20322800e-02
 3.559   4.95305600e-02
 3.590   6.26436100e-02
 3.620   6.99158400e-02
 3.651   7.10757000e-02
 3.682   6.64676500e-02
 3.712   5.68915700e-02
 3.743   4.35260800e-02
 3.774   2.80338000e-02
 3.804   1.42507200e-02
 3.835   1.65049500e-02
 3.866   3.07409800e-02
 3.896   4.51065200e-02
 3.927   5.73002500e-02
 3.958   6.65779400e-02
 3.988   7.26626200e-02
 4.019   7.55597600e-02
 4.050   7.54716000e-02
 4.080   7.27255400e-02
 4.111   6.77087700e-02
 4.142   6.08158600e-02
 4.172   5.24190000e-02
 4.203   4.28730300e-02
 4.234   3.25812900e-02
 4.264   2.22418400e-02
 4.295   1.40045600e-02
 4.326   1.41475900e-02
 4.357   2.25489000e-02
 4.387   3.29074800e-02
 4.418   4.29428900e-02
 4.449   5.17556800e-02
 4.479   5.87869600e-02
 4.510   6.36486700e-02
 4.541   6.61078600e-02
 4.571   6.61000800e-02
 4.602   6.37457100e-02
 4.633   5.93645800e-02
 4.663   5.34928300e-02
 4.694   4.69107100e-02
 4.725   4.06775300e-02
 4.755   3.60875900e-02
 4.786   3.42762800e-02
 4.817   3.54267400e-02
 4.847   3.85610900e-02
 4.878   4.23482300e-02
 4.909   4.57783500e-02
 4.939   4.82792700e-02
 4.970   4.96236300e-02
 5.001   4.98277700e-02
 5.031   4.90712800e-02
 5.062   4.76264400e-02
 5.093   4.57886200e-02
 5.123   4.38079200e-02
 5.154   4.18328000e-02
 5.185   3.98832000e-02
 5.216   3.78649300e-02
 5.246   3.56188700e-02
 5.277   3.29827500e-02
 5.308   2.98425500e-02
 5.338   2.61625500e-02
 5.369   2.19952800e-02
 5.400   1.74799300e-02
 5.430   1.28461300e-02
 5.461   8.47531900e-03
 5.492   5.26534000e-03
 5.522   5.15347300e-03
 5.553   7.49822900e-03
 5.584   1.00901700e-02
 5.614   1.22094300e-02
 5.645   1.36830000e-02
 5.676   1.45102600e-02
 5.706   1.47808300e-02
 5.737   1.46441800e-02
 5.768   1.42847200e-02
 5.798   1.38892200e-02
 5.829   1.36041600e-02
 5.860   1.34949700e-02
 5.890   1.35312200e-02
 5.921   1.36103300e-02
 5.952   1.36034700e-02
step: 9 absorber: Au
 1.012   3.31534900e-02
 1.043   4.21309200e-02
 1.074   5.13653600e-02
 1.104   5.91833500e-02
 1.135   6.43431500e-02
 1.166   6.59288200e-02
 1.197   6.33666300e-02
 1.227   5.65304200e-02
 1.258   4.60222900e-02
 1.289   3.41570700e-02
 1.319   2.82478700e-02
 1.350   3.76273800e-02
 1.381   5.68713400e-02
 1.411   7.85230500e-02
 1.442   9.88778600e-02
 1.473   1.15506000e-01
 1.503   1.26502500e-01
 1.534   1.30450200e-01
 1.565   1.26630400e-01
 1.595   1.15511800e-01
 1.626   9.99330600e-02
 1.657   8.78492300e-02
 1.687   9.34390600e-02
 1.718   1.23381300e-01
 1.749   1.69837500e-01
 1.779   2.23997400e-01
 1.810   2.79912100e-01
 1.841   3.33144700e-01
 1.871   3.80053100e-01
 1.902   4.17676800e-01
 1.933   4.43877200e-01
 1.963   4.57595300e-01
 1.994   4.59187700e-01
 2.025   4.50830300e-01
 2.056   4.36938200e-01
 2.086   4.24337800e-01
 2.117   4.21469900e-01
 2.148   4.35755000e-01
 2.178   4.69991200e-01
 2.209   5.21029200e-01
 2.240   5.81904100e-01
 2.270   6.44774300e-01
 2.301   7.02646200e-01
 2.332   7.50013900e-01
 2.362   7.83052900e-01
 2.393   7.99708700e-01
 2.424   7.99777700e-01
 2.454   7.84980700e-01
 2.485   7.58985600e-01
 2.516   7.27280800e-01
 2.546   6.96693000e-01
 2.577   6.74255800e-01
 2.608   6.65321100e-01
 2.638   6.71564100e-01
 2.669   6.90226400e-01
 2.700   7.15247500e-01
 2.730   7.39362000e-01
 2.761   7.55857200e-01
 2.792   7.59517300e-01
 2.823   7.46945100e-01
 2.853   7.16557800e-01
 2.884   6.68433600e-01
 2.915   6.04090100e-01
 2.945   5.26219700e-01
 2.976   4.38398900e-01
 3.007   3.44780800e-01
 3.037   2.49789900e-01
 3.068   1.57858200e-01
 3.099   7.34431600e-02
 3.129   1.55909800e-02
 3.160   6.67732800e-02
 3.191   1.13183400e-01
 3.221   1.44568100e-01
 3.252   1.60787700e-01
 3.283   1.62956100e-01
 3.313   1.53145600e-01
 3.344   1.34329900e-01
 3.375   1.10529600e-01
 3.405   8.74147700e-02
 3.436   7.30881400e-02
 3.467   7.43181000e-02
 3.497   8.74825200e-02
 3.528   1.03594200e-01
 3.559   1.16797500e-01
 3.590   1.24392300e-01
 3.620   1.25461500e-01
 3.651   1.20186600e-01
 3.682   1.09538800e-01
 3.712   9.51343300e-02
 3.743   7.92141200e-02
 3.774   6.47559500e-02
 3.804   5.53893500e-02
 3.835   5.37072500e-02
 3.866   5.84169400e-02
 3.896   6.56666200e-02
 3.927   7.24275300e-02
 3.958   7.72266200e-02
 3.988   7.96492700e-02
 4.019   7.98837000e-02
 4.050   7.84075500e-02
 4.080   7.57444600e-02
 4.111   7.22738400e-02
 4.142   6.81249300e-02
 4.172   6.31927300e-02
 4.203   5.72785200e-02
 4.234   5.03248500e-02
 4.264   4.27447600e-02
 4.295   3.59358800e-02
 4.326   3.28042400e-02
 4.357   3.62498100e-02
 4.387   4.55474600e-02
 4.418   5.77033100e-02
 4.449   7.03071200e-02
 4.479   8.17783700e-02
 4.510   9.10370300e-02
 4.541   9.73415700e-02
 4.571   1.00235300e-01
 4.602   9.95282900e-02
 4.633   9.52824600e-02
 4.663   8.77908500e-02
 4.694   7.75488500e-02
 4.725   6.52253400e-02
 4.755   5.16545800e-02
 4.786   3.79187200e-02
 4.817   2.57920200e-02
 4.847   1.91851600e-02
 4.878   2.22069000e-02
 4.909   3.06733700e-02
 4.939   3.99130200e-02
 4.970   4.83443800e-02
 5.001   5.55169700e-02
 5.031   6.13541500e-02
 5.062   6.59206100e-02
 5.093   6.93235900e-02
 5.123   7.16609100e-02
 5.154   7.29973700e-02
 5.185   7.33634500e-02
 5.216   7.27702900e-02
 5.246   7.12329500e-02
 5.277   6.87936900e-02
 5.308   6.55387700e-02
 5.338   6.16047500e-02
 5.369   5.71733300e-02
 5.400   5.24553800e-02
 5.430   4.76667300e-02
 5.461   4.30000400e-02
 5.492   3.85992200e-02
 5.522   3.45451600e-02
 5.553   3.08612600e-02
 5.584   2.75423200e-02
 5.614   2.46011200e-02
 5.645   2.21165000e-02
 5.676   2.02556200e-02
 5.706   1.92307200e-02
 5.737   1.91697100e-02
 5.768   1.99824000e-02
 5.798   2.13649900e-02
 5.829   2.29299300e-02
 5.860   2.43238400e-02
 5.890   2.52776600e-02
 5.921   2.56150200e-02
 5.952   2.52464100e-02
step: 10 absorber: Au
 1.012   3.71456300e-02
 1.043   4.35996300e-02
 1.074   4.97747500e-02
 1.104   5.45130000e-02
 1.135   5.69267500e-02
 1.166   5.64298700e-02
 1.197   5.28238100e-02
 1.227   4.65012600e-02
 1.258   3.89595000e-02
 1.289   3.38974100e-02
 1.319   3.67494400e-02
 1.350   4.82519500e-02
 1.381   6.41429200e-02
 1.411   8.07203000e-02
 1.442   9.55098700e-02
 1.473   1.06697700e-01
 1.503   1.12958800e-01
 1.534   1.13558400e-01
 1.565   1.08668200e-01
 1.595   1.00037800e-01
 1.626   9.22304300e-02
 1.657   9.33108600e-02
 1.687   1.10200800e-01
 1.718   1.41915100e-01
 1.749   1.82842800e-01
 1.779   2.27753900e-01
 1.810   2.72559200e-01
 1.841   3.13957500e-01
 1.871   3.49274500e-01
 1.902   3.76513000e-01
 1.933   3.94521200e-01
 1.963   4.03222500e-01
 1.994   4.03878400e-01
 2.025   3.99324100e-01
 2.056   3.94019100e-01
 2.086   3.93561200e-01
 2.117   4.03268300e-01
 2.148   4.26096200e-01
 2.178   4.61290000e-01
 2.209   5.04885400e-01
 2.240   5.51361100e-01
 2.270   5.95117800e-01
 2.301   6.31317600e-01
 2.332   6.56274800e-01
 2.362   6.67650800e-01
 2.393   6.64587000e-01
 2.424   6.47823200e-01
 2.454   6.19809400e-01
 2.485   5.84780100e-01
 2.516   5.48669100e-01
 2.546   5.18551100e-01
 2.577   5.01135600e-01
 2.608   5.00314700e-01
 2.638   5.15199200e-01
 2.669   5.40507000e-01
 2.700   5.68931400e-01
 2.730   5.93438500e-01
 2.761   6.08453300e-01
 2.792   6.10183500e-01
 2.823   5.96561500e-01
 2.853   5.67065000e-01
 2.884   5.22503900e-01
 2.915   4.64793100e-01
 2.945   3.96710700e-01
 2.976   3.21646900e-01
 3.007   2.43354600e-01
 3.037   1.65737300e-01
 3.068   9.28559400e-02
 3.099   3.18322600e-02
 3.129   3.92208500e-02
 3.160   8.06544300e-02
 3.191   1.11653300e-01
 3.221   1.29849100e-01
 3.252   1.35464200e-01
 3.283   1.29724600e-01
 3.313   1.14647000e-01
 3.344   9.30533800e-02
 3.375   6.90382400e-02
 3.405   4.99312500e-02
 3.436   4.76671000e-02
 3.467   6.25261600e-02
 3.497   8.20063700e-02
 3.528   9.89959200e-02
 3.559   1.10689700e-01
 3.590   1.16010700e-01
 3.620   1.14803300e-01
 3.651   1.07543900e-01
 3.682   9.51750800e-02
 3.712   7.89691200e-02
 3.743   6.03968500e-02
 3.774   4.10084400e-02
 3.804   2.23668300e-02
 3.835   6.75195700e-03
 3.866   1.01419600e-02
 3.896   1.98658500e-02
 3.927   2.59688100e-02
 3.958   2.81601400e-02
 3.988   2.69142500e-02
 4.019   2.34276100e-02
 4.050   2.01559700e-02
 4.080   2.09051000e-02
 4.111   2.70246600e-02
 4.142   3.59714100e-02
 4.172   4.52959200e-02
 4.203   5.35395600e-02
 4.234   5.98228000e-02
 4.264   6.36311700e-02
 4.295   6.47356600e-02
 4.326   6.31526800e-02
 4.357   5.91111400e-02
 4.387   5.30191700e-02
 4.418   4.54337500e-02
 4.449   3.70464100e-02
 4.479   2.87171100e-02
 4.510   2.16192800e-02
 4.541   1.74142400e-02
 4.571   1.73078200e-02
 4.602   2.00631500e-02
 4.633   2.35141700e-02
 4.663   2.64403200e-02
 4.694   2.83766500e-02
 4.725   2.92231900e-02
 4.755   2.90596700e-02
 4.786   2.80578100e-02
 4.817   2.64302000e-02
 4.847   2.43951200e-02
 4.878   2.21508700e-02
 4.909   1.98586800e-02
 4.939   1.76346000e-02
 4.970   1.55508300e-02
 5.001   1.36458900e-02
 5.031   1.19405000e-02
 5.062   1.04539300e-02
 5.093   9.21491200e-03
 5.123   8.26050600e-03
 5.154   7.61893900e-03
 5.185   7.28206200e-03
 5.216   7.18905100e-03
 5.246   7.23997000e-03
 5.277   7.32790800e-03
 5.308   7.36451400e-03
 5.338   7.28991700e-03
 5.369   7.07251600e-03
 5.400   6.70515300e-03
 5.430   6.20071400e-03
 5.461   5.58780900e-03
 5.492   4.90609700e-03
 5.522   4.20048300e-03
 5.553   3.51321100e-03
 5.584   2.87348100e-03
 5.614   2.28644400e-03
 5.645   1.72764300e-03
 5.676   1.15073500e-03
 5.706   5.17509300e-04
 5.737   3.71832800e-04
 5.768   1.23013200e-03
 5.798   2.24859000e-03
 5.829   3.35632800e-03
 5.860   4.49596500e-03
 5.890   5.60132600e-03
 5.921   6.60241900e-03
 5.952   7.43190600e-03
step: 11 absorber: Au
 1.012   4.25524100e-02
 1.043   5.08772400e-02
 1.074   5.75295600e-02
 1.104   6.13154600e-02
 1.135   6.13703200e-02
 1.166   5.71932700e-02
 1.197   4.87711700e-02
 1.227   3.69596700e-02
 1.258   2.52353000e-02
 1.289   2.49604300e-02
 1.319   4.06649600e-02
 1.350   6.18412000e-02
 1.381   8.31259400e-02
 1.411   1.01773700e-01
 1.442   1.15693600e-01
 1.473   1.23177700e-01
 1.503   1.22989900e-01
 1.534   1.14618700e-01
 1.565   9.88463400e-02
 1.595   7.94285900e-02
 1.626   6.78783200e-02
 1.657   8.22016600e-02
 1.687   1.20862500e-01
 1.718   1.71027600e-01
 1.749   2.24914800e-01
 1.779   2.77692800e-01
 1.810   3.25605700e-01
 1.841   3.65544500e-01
 1.871   3.95098400e-01
 1.902   4.12777300e-01
 1.933   4.18327700e-01
 1.963   4.13136400e-01
 1.994   4.00713200e-01
 2.025   3.87105300e-01
 2.056   3.80644600e-01
 2.086   3.89871400e-01
 2.117   4.19565400e-01
 2.148   4.68146000e-01
 2.178   5.29200300e-01
 2.209   5.94781700e-01
 2.240   6.57524900e-01
 2.270   7.11397600e-01
 2.301   7.51876600e-01
 2.332   7.75999600e-01
 2.362   7.82420600e-01
 2.393   7.71484900e-01
 2.424   7.45305100e-01
 2.454   7.07814000e-01
 2.485   6.64719900e-01
 2.516   6.23175700e-01
 2.546   5.90788300e-01
 2.577   5.73643700e-01
 2.608   5.73876900e-01
 2.638   5.88550000e-01
 2.669   6.10989200e-01
 2.700   6.33386300e-01
 2.730   6.48821000e-01
 2.761   6.52165400e-01
 2.792   6.40258100e-01
 2.823   6.11770700e-01
 2.853   5.66975900e-01
 2.884   5.07488300e-01
 2.915   4.35997400e-01
 2.945   3.56002800e-01
 2.976   2.71584200e-01
 3.007   1.87321700e-01
 3.037   1.09035200e-01
 3.068   5.18816300e-02
 3.099   6.37878300e-02
 3.129   1.07615200e-01
 3.160   1.44221900e-01
 3.191   1.67839700e-01
 3.221   1.77626300e-01
 3.252   1.74268000e-01
 3.283   1.59394000e-01
 3.313   1.35374200e-01
 3.344   1.05298500e-01
 3.375   7.34683300e-02
 3.405   4.81580100e-02
 3.436   4.59010100e-02
 3.467   6.53141400e-02
 3.497   8.82476000e-02
 3.528   1.07121100e-01
 3.559   1.19434700e-01
 3.590   1.24373000e-01
 3.620   1.22014400e-01
 3.651   1.13088300e-01
 3.682   9.88763100e-02
 3.712   8.12221700e-02
 3.743   6.27905200e-02
 3.774   4.79061800e-02
 3.804   4.29201700e-02
 3.835   4.97599600e-02
 3.866   6.21186200e-02
 3.896   7.43673700e-02
 3.927   8.38412000e-02
 3.958   8.93996600e-02
 3.988   9.06635200e-02
 4.019   8.77236400e-02
 4.050   8.10136300e-02
 4.080   7.12501200e-02
 4.111   5.94350100e-02
 4.142   4.69855600e-02
 4.172   3.61672900e-02
 4.203   3.06631300e-02
 4.234   3.32294800e-02
 4.264   4.13161100e-02
 4.295   5.08936000e-02
 4.326   5.97012400e-02
 4.357   6.66647000e-02
 4.387   7.12672200e-02
 4.418   7.32965400e-02
 4.449   7.27441800e-02
 4.479   6.97572300e-02
 4.510   6.46083300e-02
 4.541   5.76728500e-02
 4.571   4.94110200e-02
 4.602   4.03599500e-02
 4.633   3.11538000e-02
 4.663   2.26312800e-02
 4.694   1.61780500e-02
 4.725   1.39468200e-02
 4.755   1.62276100e-02
 4.786   2.02729400e-02
 4.817   2.41299700e-02
 4.847   2.70753000e-02
 4.878   2.89078600e-02
 4.909   2.96530800e-02
 4.939   2.94540700e-02
 4.970   2.85179800e-02
 5.001   2.70791300e-02
 5.031   2.53680800e-02
 5.062   2.35843900e-02
 5.093   2.18750200e-02
 5.123   2.03229700e-02
 5.154   1.89504100e-02
 5.185   1.77362000e-02
 5.216   1.66410300e-02
 5.246   1.56302700e-02
 5.277   1.46872700e-02
 5.308   1.38158100e-02
 5.338   1.30346300e-02
 5.369   1.23678500e-02
 5.400   1.18349100e-02
 5.430   1.14420500e-02
 5.461   1.11768300e-02
 5.492   1.10062500e-02
 5.522   1.08785900e-02
 5.553   1.07284000e-02
 5.584   1.04837600e-02
 5.614   1.00746400e-02
 5.645   9.44119600e-03
 5.676   8.54135800e-03
 5.706   7.35671800e-03
 5.737   5.89673800e-03
 5.768   4.20239900e-03
 5.798   2.36125300e-03
 5.829   8.08442200e-04
 5.860   1.94377700e-03
 5.890   3.77485900e-03
 5.921   5.46222500e-03
 5.952   6.87173700e-03
step: 12 absorber: Au
 1.012   4.46364700e-02
 1.043   5.38776000e-02
 1.074   6.07483700e-02
 1.104   6.41043600e-02
 1.135   6.30978400e-02
 1.166   5.72213300e-02
 1.197   4.63984100e-02
 1.227   3.12359000e-02
 1.258   1.51291800e-02
 1.289   2.00192700e-02
 1.319   4.27254800e-02
 1.350   6.73616400e-02
 1.381   9.04826600e-02
 1.411   1.09800500e-01
 1.442   1.23277900e-01
 1.473   1.29157800e-01
 1.503   1.26117800e-01
 1.534   1.13504100e-01
 1.565   9.18188300e-02
 1.595   6.45725700e-02
 1.626   4.79891900e-02
 1.657   7.19700700e-02
 1.687   1.21327500e-01
 1.718   1.78409600e-01
 1.749   2.36539700e-01
 1.779   2.91374400e-01
 1.810   3.39227000e-01
 1.841   3.76916600e-01
 1.871   4.01932500e-01
 1.902   4.12704900e-01
 1.933   4.08954000e-01
 1.963   3.92163100e-01
 1.994   3.66272800e-01
 2.025   3.38626400e-01
 2.056   3.20477800e-01
 2.086   3.24392100e-01
 2.117   3.56728400e-01
 2.148   4.13034300e-01
 2.178   4.82910100e-01
 2.209   5.56096700e-01
 2.240   6.24523600e-01
 2.270   6.82322600e-01
 2.301   7.25571700e-01
 2.332   7.52176400e-01
 2.362   7.61865500e-01
 2.393   7.56225500e-01
 2.424   7.38697100e-01
 2.454   7.14426800e-01
 2.485   6.89793800e-01
 2.516   6.71373100e-01
 2.546   6.64269500e-01
 2.577   6.70367300e-01
 2.608   6.87589000e-01
 2.638   7.10753300e-01
 2.669   7.33364000e-01
 2.700   7.49230500e-01
 2.730   7.53426600e-01
 2.761   7.42672500e-01
 2.792   7.15384900e-01
 2.823   6.71559700e-01
 2.853   6.12574100e-01
 2.884   5.40942000e-01
 2.915   4.60044700e-01
 2.945   3.73858000e-01
 2.976   2.86714500e-01
 3.007   2.03204500e-01
 3.037   1.28631500e-01
 3.068   7.23031100e-02
 3.099   5.71751600e-02
 3.129   7.94025900e-02
 3.160   1.02818900e-01
 3.191   1.16189800e-01
 3.221   1.17986300e-01
 3.252   1.09143200e-01
 3.283   9.16089500e-02
 3.313   6.78511000e-02
 3.344   4.05603100e-02
 3.375   1.24193400e-02
 3.405   1.41368300e-02
 3.436   3.69648500e-02
 3.467   5.44957300e-02
 3.497   6.56991300e-02
 3.528   7.01475400e-02
 3.559   6.79958500e-02
 3.590   5.99221600e-02
 3.620   4.70365100e-02
 3.651   3.07768500e-02
 3.682   1.29308500e-02
 3.712   7.19188400e-03
 3.743   2.35508700e-02
 3.774   3.80244600e-02
 3.804   4.90321500e-02
 3.835   5.59127800e-02
 3.866   5.84501100e-02
 3.896   5.68484200e-02
 3.927   5.17166000e-02
 3.958   4.40644700e-02
 3.988   3.53647400e-02
 4.019   2.77562000e-02
 4.050   2.39927700e-02
 4.080   2.52504400e-02
 4.111   2.91300500e-02
 4.142   3.26960300e-02
 4.172   3.43361200e-02
 4.203   3.34182300e-02
 4.234   2.99082300e-02
 4.264   2.42272200e-02
 4.295   1.73470700e-02
 4.326   1.16729500e-02
 4.357   1.23394300e-02
 4.387   1.86957900e-02
 4.418   2.59207200e-02
 4.449   3.20321500e-02
 4.479   3.62175100e-02
 4.510   3.80998000e-02
 4.541   3.75874700e-02
 4.571   3.48345000e-02
 4.602   3.02293000e-02
 4.633   2.44228200e-02
 4.663   1.84829300e-02
 4.694   1.43352100e-02
 4.725   1.44111400e-02
 4.755   1.81583900e-02
 4.786   2.28983500e-02
 4.817   2.70392500e-02
 4.847   2.98971600e-02
 4.878   3.12109400e-02
 4.909   3.09598700e-02
 4.939   2.92905000e-02
 4.970   2.64753800e-02
 5.001   2.28845600e-02
 5.031   1.89704000e-02
 5.062   1.52732400e-02
 5.093   1.24327500e-02
 5.123   1.10534800e-02
 5.154   1.12235800e-02
 5.185   1.23381500e-02
 5.216   1.37139800e-02
 5.246   1.49733700e-02
 5.277   1.59909900e-02
 5.308   1.67717700e-02
 5.338   1.73671900e-02
 5.369   1.78263400e-02
 5.400   1.81744400e-02
 5.430   1.84132400e-02
 5.461   1.85352100e-02
 5.492   1.85405100e-02
 5.522   1.84474200e-02
 5.553   1.82912700e-02
 5.584   1.81119200e-02
 5.614   1.79344600e-02
 5.645   1.77519900e-02
 5.676   1.75192600e-02
 5.706   1.71605200e-02
 5.737   1.65880300e-02
 5.768   1.57232000e-02
 5.798   1.45139800e-02
 5.829   1.29456100e-02
 5.860   1.10450000e-02
 5.890   8.88126500e-03
 5.921   6.56823700e-03
 5.952   4.29250000e-03
step: 13 absorber: Au
 1.012   3.84501400e-02
 1.043   4.72039700e-02
 1.074   5.52670400e-02
 1.104   6.11866300e-02
 1.135   6.38770400e-02
 1.166   6.25956300e-02
 1.197   5.70070900e-02
 1.227   4.73681000e-02
 1.258   3.51524600e-02
 1.289   2.57426100e-02
 1.319   3.08041100e-02
 1.350   4.86645400e-02
 1.381   7.01539500e-02
 1.411   9.09451800e-02
 1.442   1.08470800e-01
 1.473   1.20726900e-01
 1.503   1.26139400e-01
 1.534   1.23708700e-01
 1.565   1.13362200e-01
 1.595   9.68135000e-02
 1.626   8.00054700e-02
 1.657   7.72524600e-02
 1.687   1.01060000e-01
 1.718   1.44458000e-01
 1.749   1.96817600e-01
 1.779   2.51604200e-01
 1.810   3.04296700e-01
 1.841   3.51248600e-01
 1.871   3.89464000e-01
 1.902   4.16704800e-01
 1.933   4.31730600e-01
 1.963   4.34623000e-01
 1.994   4.27186800e-01
 2.025   4.13403800e-01
 2.056   3.99736300e-01
 2.086   3.94606600e-01
 2.117   4.06001500e-01
 2.148   4.37630800e-01
 2.178   4.87020200e-01
 2.209   5.47453100e-01
 2.240   6.11112100e-01
 2.270   6.70961300e-01
 2.301   7.21409900e-01
 2.332   7.58481200e-01
 2.362   7.79873300e-01
 2.393   7.85017400e-01
 2.424   7.75135300e-01
 2.454   7.53258400e-01
 2.485   7.24132200e-01
 2.516   6.93855000e-01
 2.546   6.69015100e-01
 2.577   6.55168000e-01
 2.608   6.55003400e-01
 2.638   6.67248600e-01
 2.669   6.87175400e-01
 2.700   7.08321000e-01
 2.730   7.24256100e-01
 2.761   7.29704500e-01
 2.792   7.21017600e-01
 2.823   6.96258900e-01
 2.853   6.55098600e-01
 2.884   5.98619300e-01
 2.915   5.29074000e-01
 2.945   4.49617100e-01
 2.976   3.64022700e-01
 3.007   2.76413600e-01
 3.037   1.91057900e-01
 3.068   1.12496800e-01
 3.099   4.86147700e-02
 3.129   4.06562900e-02
 3.160   7.81002000e-02
 3.191   1.08471800e-01
 3.221   1.25950300e-01
 3.252   1.30519400e-01
 3.283   1.23553300e-01
 3.313   1.07226900e-01
 3.344   8.43272000e-02
 3.375   5.83619900e-02
 3.405   3.50381900e-02
 3.436   2.82385400e-02
 3.467   4.19546200e-02
 3.497   5.82485800e-02
 3.528   6.99209400e-02
 3.559   7.49968700e-02
 3.590   7.30242300e-02
 3.620   6.43919900e-02
 3.651   5.01801700e-02
 3.682   3.24129200e-02
 3.712   1.73733800e-02
 3.743   2.49001500e-02
 3.774   4.53144300e-02
 3.804   6.59625400e-02
 3.835   8.39332600e-02
 3.866   9.78822800e-02
 3.896   1.07057600e-01
 3.927   1.11155100e-01
 3.958   1.10265000e-01
 3.988   1.04820000e-01
 4.019   9.55289400e-02
 4.050   8.33000600e-02
 4.080   6.91607800e-02
 4.111   5.41880800e-02
 4.142   3.94800100e-02
 4.172   2.62708000e-02
 4.203   1.65923500e-02
 4.234   1.42546600e-02
 4.264   1.86680500e-02
 4.295   2.45465500e-02
 4.326   2.98145300e-02
 4.357   3.41202800e-02
 4.387   3.75316200e-02
 4.418   4.01678800e-02
 4.449   4.20842800e-02
 4.479   4.32563300e-02
 4.510   4.36191200e-02
 4.541   4.31295400e-02
 4.571   4.18275600e-02
 4.602   3.98817100e-02
 4.633   3.76094000e-02
 4.663   3.54573500e-02
 4.694   3.39147700e-02
 4.725   3.33450900e-02
 4.755   3.38078400e-02
 4.786   3.50228700e-02
 4.817   3.65179600e-02
 4.847   3.78232100e-02
 4.878   3.85930600e-02
 4.909   3.86496500e-02
 4.939   3.79832600e-02
 4.970   3.67342300e-02
 5.001   3.51625800e-02
 5.031   3.36006600e-02
 5.062   3.23804600e-02
 5.093   3.17397100e-02
 5.123   3.17426900e-02
 5.154   3.22689400e-02
 5.185   3.30814100e-02
 5.216   3.39237300e-02
 5.246   3.45921000e-02
 5.277   3.49657000e-02
 5.308   3.50062800e-02
 5.338   3.47408400e-02
 5.369   3.42368700e-02
 5.400   3.35759600e-02
 5.430   3.28304400e-02
 5.461   3.20473700e-02
 5.492   3.12429800e-02
 5.522   3.04078100e-02
 5.553   2.95195200e-02
 5.584   2.85579200e-02
 5.614   2.75174800e-02
 5.645   2.64138700e-02
 5.676   2.52834500e-02
 5.706   2.41760300e-02
 5.737   2.31424700e-02
 5.768   2.22199200e-02
 5.798   2.14189700e-02
 5.829   2.07174600e-02
 5.860   2.00634900e-02
 5.890   1.93865500e-02
 5.921   1.86122900e-02
 5.952   1.76762900e-02
step: 14 absorber: Au
 1.012   3.98572000e-02
 1.043   4.75207200e-02
 1.074   5.42157400e-02
 1.104   5.87540600e-02
 1.135   6.02568300e-02
 1.166   5.81774300e-02
 1.197   5.24006700e-02
 1.227   4.35023800e-02
 1.258   3.35777600e-02
 1.289   2.85259000e-02
 1.319   3.56981200e-02
 1.350   5.17894000e-02
 1.381   7.05012800e-02
 1.411   8.83098500e-02
 1.442   1.02938500e-01
 1.473   1.12657500e-01
 1.503   1.16215800e-01
 1.534   1.13016100e-01
 1.565   1.03543800e-01
 1.595   9.03839800e-02
 1.626   8.04315000e-02
 1.657   8.54355700e-02
 1.687   1.10979300e-01
 1.718   1.50796200e-01
 1.749   1.97373000e-01
 1.779   2.45482400e-01
 1.810   2.91240600e-01
 1.841   3.31517800e-01
 1.871   3.63839500e-01
 1.902   3.86509600e-01
 1.933   3.98836700e-01
 1.963   4.01424500e-01
 1.994   3.96498500e-01
 2.025   3.88179900e-01
 2.056   3.82408200e-01
 2.086   3.85916400e-01
 2.117   4.03899000e-01
 2.148   4.37549800e-01
 2.178   4.83665000e-01
 2.209   5.36434600e-01
 2.240   5.89502700e-01
 2.270   6.37171800e-01
 2.301   6.74898000e-01
 2.332   6.99480800e-01
 2.362   7.09162500e-01
 2.393   7.03711200e-01
 2.424   6.84495500e-01
 2.454   6.54536700e-01
 2.485   6.18486000e-01
 2.516   5.82382700e-01
 2.546   5.52909100e-01
 2.577   5.35840100e-01
 2.608   5.33953000e-01
 2.638   5.45709700e-01
 2.669   5.65934300e-01
 2.700   5.87905900e-01
 2.730   6.05286400e-01
 2.761   6.13139000e-01
 2.792   6.08226300e-01
 2.823   5.88959400e-01
 2.853   5.55218100e-01
 2.884   5.08128000e-01
 2.915   4.49821200e-01
 2.945   3.83190100e-01
 2.976   3.11646200e-01
 3.007   2.38914300e-01
 3.037   1.68948000e-01
 3.068   1.06327900e-01
 3.099   5.91983700e-02
 3.129   4.77614000e-02
 3.160   6.72799500e-02
 3.191   8.68493800e-02
 3.221   9.74185200e-02
 3.252   9.77701400e-02
 3.283   8.87250200e-02
 3.313   7.20780600e-02
 3.344   5.05262700e-02
 3.375   2.93780600e-02
 3.405   2.59779700e-02
 3.436   4.53374400e-02
 3.467   6.80260400e-02
 3.497   8.78629100e-02
 3.528   1.02828000e-01
 3.559   1.11986000e-01
 3.590   1.15011800e-01
 3.620   1.12047500e-01
 3.651   1.03607200e-01
 3.682   9.04845800e-02
 3.712   7.36595100e-02
 3.743   5.42094000e-02
 3.774   3.32415300e-02
 3.804   1.19922100e-02
 3.835   1.02435100e-02
 3.866   2.98336000e-02
 3.896   4.78721500e-02
 3.927   6.35488200e-02
 3.958   7.64012000e-02
 3.988   8.60824000e-02
 4.019   9.23365900e-02
 4.050   9.49982700e-02
 4.080   9.40055600e-02
 4.111   8.94247700e-02
 4.142   8.14852200e-02
 4.172   7.06311300e-02
 4.203   5.76237500e-02
 4.234   4.38261500e-02
 4.264   3.21249400e-02
 4.295   2.83952500e-02
 4.326   3.56763000e-02
 4.357   4.82672400e-02
 4.387   6.13429700e-02
 4.418   7.27234900e-02
 4.449   8.13073600e-02
 4.479   8.64893000e-02
 4.510   8.79938300e-02
 4.541   8.58181100e-02
 4.571   8.01990300e-02
 4.602   7.15805300e-02
 4.633   6.05756500e-02
 4.663   4.79261500e-02
 4.694   3.44741800e-02
 4.725   2.12174400e-02
 4.755   1.01012400e-02
 4.786   9.36689800e-03
 4.817   1.73094500e-02
 4.847   2.47140600e-02
 4.878   3.01016900e-02
 4.909   3.32422100e-02
 4.939   3.42393900e-02
 4.970   3.34113700e-02
 5.001   3.12635100e-02
 5.031   2.84856300e-02
 5.062   2.59389300e-02
 5.093   2.45305300e-02
 5.123   2.48466500e-02
 5.154   2.67877300e-02
 5.185   2.97296600e-02
 5.216   3.29918000e-02
 5.246   3.60840800e-02
 5.277   3.87228300e-02
 5.308   4.07762000e-02
 5.338   4.22092300e-02
 5.369   4.30412700e-02
 5.400   4.33161000e-02
 5.430   4.30836800e-02
 5.461   4.23925400e-02
 5.492   4.12908700e-02
 5.522   3.98330000e-02
 5.553   3.80873600e-02
 5.584   3.61417900e-02
 5.614   3.41031200e-02
 5.645   3.20888400e-02
 5.676   3.02103000e-02
 5.706   2.85501600e-02
 5.737   2.71407800e-02
 5.768   2.59534000e-02
 5.798   2.49049200e-02
 5.829   2.38808400e-02
 5.860   2.27643700e-02
 5.890   2.14609200e-02
 5.921   1.99126200e-02
 5.952   1.81027200e-02
step: 15 absorber: Au
 1.012   3.68896500e-02
 1.043   4.72101000e-02
 1.074   5.67463700e-02
 1.104   6.39484900e-02
 1.135   6.76523300e-02
 1.166   6.70231300e-02
 1.197   6.16044900e-02
 1.227   5.14534300e-02
 1.258   3.75636300e-02
 1.289   2.41286500e-02
 1.319   2.58327300e-02
 1.350   4.50053600e-02
 1.381   6.87022600e-02
 1.411   9.18039500e-02
 1.442   1.11578400e-01
 1.473   1.25858900e-01
 1.503   1.32866500e-01
 1.534   1.31342400e-01
 1.565   1.20850600e-01
 1.595   1.02484000e-01
 1.626   8.10729700e-02
 1.657   7.12816800e-02
 1.687   9.22479300e-02
 1.718   1.37754700e-01
 1.749   1.93960700e-01
 1.779   2.53200500e-01
 1.810   3.10511800e-01
 1.841   3.61902700e-01
 1.871   4.04019200e-01
 1.902   4.34240900e-01
 1.933   4.50933200e-01
 1.963   4.53791500e-01
 1.994   4.44286800e-01
 2.025   4.26231600e-01
 2.056   4.06358500e-01
 2.086   3.94269600e-01
 2.117   4.00217300e-01
 2.148   4.30160300e-01
 2.178   4.82230400e-01
 2.209   5.48731300e-01
 2.240   6.20446300e-01
 2.270   6.89171400e-01
 2.301   7.48452900e-01
 2.332   7.93675400e-01
 2.362   8.22057800e-01
 2.393   8.32683300e-01
 2.424   8.26549500e-01
 2.454   8.06592500e-01
 2.485   7.77605900e-01
 2.516   7.45909200e-01
 2.546   7.18527500e-01
 2.577   7.01685200e-01
 2.608   6.98865900e-01
 2.638   7.09445100e-01
 2.669   7.28932900e-01
 2.700   7.50656100e-01
 2.730   7.67696100e-01
 2.761   7.74213800e-01
 2.792   7.66060000e-01
 2.823   7.40922600e-01
 2.853   6.98239600e-01
 2.884   6.39000600e-01
 2.915   5.65489100e-01
 2.945   4.80989300e-01
 2.976   3.89471200e-01
 3.007   2.95266500e-01
 3.037   2.02752100e-01
 3.068   1.16060600e-01
 3.099   3.89084400e-02
 3.129   2.67697800e-02
 3.160   7.72931500e-02
 3.191   1.12726600e-01
 3.221   1.32868500e-01
 3.252   1.38652300e-01
 3.283   1.31940600e-01
 3.313   1.15484300e-01
 3.344   9.30726400e-02
 3.375   7.03308100e-02
 3.405   5.65523300e-02
 3.436   6.05414600e-02
 3.467   7.66693700e-02
 3.497   9.43110000e-02
 3.528   1.07893200e-01
 3.559   1.15068200e-01
 3.590   1.15056700e-01
 3.620   1.08031600e-01
 3.651   9.48373400e-02
 3.682   7.67982400e-02
 3.712   5.55527500e-02
 3.743   3.29177100e-02
 3.774   1.10931300e-02
 3.804   1.14053600e-02
 3.835   2.82157700e-02
 3.866   4.12939300e-02
 3.896   4.96906200e-02
 3.927   5.32138400e-02
 3.958   5.21120900e-02
 3.988   4.70035500e-02
 4.019   3.88088600e-02
 4.050   2.86985800e-02
 4.080   1.81701600e-02
 4.111   1.00462600e-02
 4.142   1.05980700e-02
 4.172   1.64492700e-02
 4.203   2.14472300e-02
 4.234   2.43220500e-02
 4.264   2.52110000e-02
 4.295   2.50687900e-02
 4.326   2.55692700e-02
 4.357   2.84040100e-02
 4.387   3.39801600e-02
 4.418   4.13174100e-02
 4.449   4.90546000e-02
 4.479   5.60234400e-02
 4.510   6.13491300e-02
 4.541   6.44375200e-02
 4.571   6.49573200e-02
 4.602   6.28241000e-02
 4.633   5.81798800e-02
 4.663   5.13665300e-02
 4.694   4.28977200e-02
 4.725   3.34469300e-02
 4.755   2.39139100e-02
 4.786   1.58245000e-02
 4.817   1.24374000e-02
 4.847   1.56187500e-02
 4.878   2.12945600e-02
 4.909   2.67195700e-02
 4.939   3.11094800e-02
 4.970   3.43322900e-02
 5.001   3.65129300e-02
 5.031   3.78911900e-02
 5.062   3.87317600e-02
 5.093   3.92509400e-02
 5.123   3.95664100e-02
 5.154   3.96837500e-02
 5.185   3.95221100e-02
 5.216   3.89648000e-02
 5.246   3.79128900e-02
 5.277   3.63261500e-02
 5.308   3.42451600e-02
 5.338   3.17956100e-02
 5.369   2.91767600e-02
 5.400   2.66337500e-02
 5.430   2.44108900e-02
 5.461   2.26866200e-02
 5.492   2.15108100e-02
 5.522   2.07869500e-02
 5.553   2.03240100e-02
 5.584   1.99259900e-02
 5.614   1.94647300e-02
 5.645   1.89114500e-02
 5.676   1.83313700e-02
 5.706   1.78502800e-02
 5.737   1.75981600e-02
 5.768   1.76440500e-02
 5.798   1.79537200e-02
 5.829   1.83968400e-02
 5.860   1.87938300e-02
 5.890   1.89686500e-02
 5.921   1.87844000e-02
 5.952   1.81598600e-02
step: 16 absorber: Au
 1.012   4.28537100e-02
 1.043   4.99785800e-02
 1.074   5.57691500e-02
 1.104   5.91801300e-02
 1.135   5.94554600e-02
 1.166   5.61771100e-02
 1.197   4.93940400e-02
 1.227   3.99704900e-02
 1.258   3.07366100e-02
 1.289   2.87752900e-02
 1.319   3.90675700e-02
 1.350   5.61073400e-02
 1.381   7.45551500e-02
 1.411   9.14609300e-02
 1.442   1.04790100e-01
 1.473   1.12983000e-01
 1.503   1.14969300e-01
 1.534   1.10392900e-01
 1.565   1.00128400e-01
 1.595   8.75011300e-02
 1.626   8.05333500e-02
 1.657   9.04216300e-02
 1.687   1.19575400e-01
 1.718   1.61029100e-01
 1.749   2.08086400e-01
 1.779   2.56060200e-01
 1.810   3.01375000e-01
 1.841   3.41137600e-01
 1.871   3.73099900e-01
 1.902   3.95799000e-01
 1.933   4.08781500e-01
 1.963   4.12874800e-01
 1.994   4.10464100e-01
 2.025   4.05660200e-01
 2.056   4.04059500e-01
 2.086   4.11634100e-01
 2.117   4.32673000e-01
 2.148   4.67904200e-01
 2.178   5.14346000e-01
 2.209   5.66786400e-01
 2.240   6.19467500e-01
 2.270   6.67146800e-01
 2.301   7.05599300e-01
 2.332   7.31844200e-01
 2.362   7.44272300e-01
 2.393   7.42739500e-01
 2.424   7.28635200e-01
 2.454   7.04903800e-01
 2.485   6.75952900e-01
 2.516   6.47312700e-01
 2.546   6.24836900e-01
 2.577   6.13331200e-01
 2.608   6.14964700e-01
 2.638   6.28397100e-01
 2.669   6.49310800e-01
 2.700   6.71935600e-01
 2.730   6.90559700e-01
 2.761   7.00466600e-01
 2.792   6.98324800e-01
 2.823   6.82249700e-01
 2.853   6.51711800e-01
 2.884   6.07373000e-01
 2.915   5.50888000e-01
 2.945   4.84684700e-01
 2.976   4.11731300e-01
 3.007   3.35300300e-01
 3.037   2.58738800e-01
 3.068   1.85255600e-01
 3.099   1.17740800e-01
 3.129   5.86657200e-02
 3.160   1.13165200e-02
 3.191   2.96278700e-02
 3.221   5.56030600e-02
 3.252   7.04850700e-02
 3.283   7.49265000e-02
 3.313   7.02748300e-02
 3.344   5.83035000e-02
 3.375   4.10825500e-02
 3.405   2.10204900e-02
 3.436   6.87705000e-03
 3.467   2.36253300e-02
 3.497   4.16067500e-02
 3.528   5.60447600e-02
 3.559   6.58086000e-02
 3.590   7.03470900e-02
 3.620   6.95540800e-02
 3.651   6.37175000e-02
 3.682   5.34681200e-02
 3.712   3.97404500e-02
 3.743   2.38764700e-02
 3.774   9.85586300e-03
 3.804   1.69418600e-02
 3.835   3.33169500e-02
 3.866   4.90006700e-02
 3.896   6.25155300e-02
 3.927   7.31656500e-02
 3.958   8.05575600e-02
 3.988   8.45292500e-02
 4.019   8.51183500e-02
 4.050   8.25329400e-02
 4.080   7.71217000e-02
 4.111   6.93471400e-02
 4.142   5.97693400e-02
 4.172   4.90567100e-02
 4.203   3.80689200e-02
 4.234   2.81478500e-02
 4.264   2.18108200e-02
 4.295   2.21149200e-02
 4.326   2.79151000e-02
 4.357   3.55316300e-02
 4.387   4.28841200e-02
 4.418   4.90764500e-02
 4.449   5.37018800e-02
 4.479   5.65930500e-02
 4.510   5.77380600e-02
 4.541   5.72476700e-02
 4.571   5.53372700e-02
 4.602   5.23112100e-02
 4.633   4.85440400e-02
 4.663   4.44543000e-02
 4.694   4.04651600e-02
 4.725   3.69460500e-02
 4.755   3.41383100e-02
 4.786   3.20923400e-02
 4.817   3.06643600e-02
 4.847   2.95936600e-02
 4.878   2.86185200e-02
 4.909   2.75681800e-02
 4.939   2.64037600e-02
 4.970   2.52145200e-02
 5.001   2.41796400e-02
 5.031   2.34991400e-02
 5.062   2.33050200e-02
 5.093   2.35916100e-02
 5.123   2.42115900e-02
 5.154   2.49372000e-02
 5.185   2.55375500e-02
 5.216   2.58318000e-02
 5.246   2.57115000e-02
 5.277   2.51425000e-02
 5.308   2.41558800e-02
 5.338   2.28333300e-02
 5.369   2.12890500e-02
 5.400   1.96488900e-02
 5.430   1.80280300e-02
 5.461   1.65095500e-02
 5.492   1.51294700e-02
 5.522   1.38742800e-02
 5.553   1.26939700e-02
 5.584   1.15255300e-02
 5.614   1.03169100e-02
 5.645   9.04335300e-03
 5.676   7.71342300e-03
 5.706   6.36715800e-03
 5.737   5.06963800e-03
 5.768   3.90248500e-03
 5.798   2.95175400e-03
 5.829   2.28039600e-03
 5.860   1.87170400e-03
 5.890   1.59839400e-03
 5.921   1.30199200e-03
 5.952   8.92650400e-04
step: 17 absorber: Au
 1.012   4.46567800e-02
 1.043   5.34902400e-02
 1.074   6.01829200e-02
 1.104   6.36195100e-02
 1.135   6.29776800e-02
 1.166   5.77764400e-02
 1.197   4.79899500e-02
 1.227   3.43866300e-02
 1.258   2.05578200e-02
 1.289   2.19860500e-02
 1.319   4.11708300e-02
 1.350   6.42003200e-02
 1.381   8.64621400e-02
 1.411   1.05465300e-01
 1.442   1.19160900e-01
 1.473   1.25820500e-01
 1.503   1.24158800e-01
 1.534   1.13572900e-01
 1.565   9.46642100e-02
 1.595   7.10062200e-02
 1.626   5.61716200e-02
 1.657   7.42084100e-02
 1.687   1.18184100e-01
 1.718   1.71810800e-01
 1.749   2.27624300e-01
 1.779   2.81031200e-01
 1.810   3.28293800e-01
 1.841   3.66227200e-01
 1.871   3.92308700e-01
 1.902   4.04925700e-01
 1.933   4.03709800e-01
 1.963   3.89987300e-01
 1.994   3.67417100e-01
 2.025   3.42808300e-01
 2.056   3.26486600e-01
 2.086   3.30002700e-01
 2.117   3.59704300e-01
 2.148   4.12321200e-01
 2.178   4.78555900e-01
 2.209   5.48597100e-01
 2.240   6.14402000e-01
 2.270   6.69948500e-01
 2.301   7.11074700e-01
 2.332   7.35390900e-01
 2.362   7.42290500e-01
 2.393   7.33005100e-01
 2.424   7.10648000e-01
 2.454   6.80163200e-01
 2.485   6.48016200e-01
 2.516   6.21337300e-01
 2.546   6.06261400e-01
 2.577   6.05790300e-01
 2.608   6.18461900e-01
 2.638   6.38972100e-01
 2.669   6.60233500e-01
 2.700   6.75382500e-01
 2.730   6.78946200e-01
 2.761   6.67271300e-01
 2.792   6.38552600e-01
 2.823   5.92685600e-01
 2.853   5.31045100e-01
 2.884   4.56223200e-01
 2.915   3.71745200e-01
 2.945   2.81784700e-01
 2.976   1.90943700e-01
 3.007   1.04489500e-01
 3.037   3.57834400e-02
 3.068   6.08529300e-02
 3.099   1.14439800e-01
 3.129   1.55997000e-01
 3.160   1.82474100e-01
 3.191   1.93708700e-01
 3.221   1.90793500e-01
 3.252   1.75791500e-01
 3.283   1.51614900e-01
 3.313   1.22042700e-01
 3.344   9.21292100e-02
 3.375   6.94176200e-02
 3.405   6.31271300e-02
 3.436   7.26021800e-02
 3.467   8.65542300e-02
 3.497   9.70224300e-02
 3.528   1.00639000e-01
 3.559   9.63414600e-02
 3.590   8.43263300e-02
 3.620   6.56248600e-02
 3.651   4.19311900e-02
 3.682   1.63766400e-02
 3.712   1.78509600e-02
 3.743   4.41608500e-02
 3.774   6.90982600e-02
 3.804   9.00240800e-02
 3.835   1.05601100e-01
 3.866   1.15045700e-01
 3.896   1.18076300e-01
 3.927   1.14886600e-01
 3.958   1.06095800e-01
 3.988   9.26751100e-02
 4.019   7.58543700e-02
 4.050   5.70168400e-02
 4.080   3.75905200e-02
 4.111   1.89440700e-02
 4.142   2.29622600e-03
 4.172   1.13701600e-02
 4.203   2.13365900e-02
 4.234   2.72073000e-02
 4.264   2.89035300e-02
 4.295   2.66648700e-02
 4.326   2.10716100e-02
 4.357   1.33315100e-02
 4.387   8.28182700e-03
 4.418   1.53685200e-02
 4.449   2.70084300e-02
 4.479   3.89275100e-02
 4.510   4.98988400e-02
 4.541   5.92070400e-02
 4.571   6.63740900e-02
 4.602   7.11143400e-02
 4.633   7.33166500e-02
 4.663   7.30255200e-02
 4.694   7.04173500e-02
 4.725   6.57728400e-02
 4.755   5.94479000e-02
 4.786   5.18459700e-02
 4.817   4.33942800e-02
 4.847   3.45282400e-02
 4.878   2.56935400e-02
 4.909   1.74034500e-02
 4.939   1.05480100e-02
 4.970   7.59773600e-03
 5.001   1.02022100e-02
 5.031   1.44667000e-02
 5.062   1.83297000e-02
 5.093   2.13343800e-02
 5.123   2.34197400e-02
 5.154   2.46643600e-02
 5.185   2.52167000e-02
 5.216   2.52591500e-02
 5.246   2.49766900e-02
 5.277   2.45257700e-02
 5.308   2.40081600e-02
 5.338   2.34583700e-02
 5.369   2.28509500e-02
 5.400   2.21249000e-02
 5.430   2.12150100e-02
 5.461   2.00788200e-02
 5.492   1.87128200e-02
 5.522   1.71568900e-02
 5.553   1.54887000e-02
 5.584   1.38103500e-02
 5.614   1.22296600e-02
 5.645   1.08390900e-02
 5.676   9.69892800e-03
 5.706   8.83518500e-03
 5.737   8.25907700e-03
 5.768   7.99727400e-03
 5.798   8.10168500e-03
 5.829   8.61499800e-03
 5.860   9.51702300e-03
 5.890   1.07073200e-02
 5.921   1.20333600e-02
 5.952   1.33284800e-02
step: 18 absorber: Au
 1.012   4.65284200e-02
 1.043   5.42388700e-02
 1.074   5.99376100e-02
 1.104   6.26207700e-02
 1.135   6.15903000e-02
 1.166   5.65208600e-02
 1.197   4.76269500e-02
 1.227   3.61806500e-02
 1.258   2.65869800e-02
 1.289   2.91228200e-02
 1.319   4.46494600e-02
 1.350   6.45537900e-02
 1.381   8.42218300e-02
 1.411   1.01058800e-01
 1.442   1.13107100e-01
 1.473   1.18830600e-01
 1.503   1.17213200e-01
 1.534   1.08041400e-01
 1.565   9.25871700e-02
 1.595   7.55884000e-02
 1.626   6.94938700e-02
 1.657   8.81777400e-02
 1.687   1.26840700e-01
 1.718   1.74743000e-01
 1.749   2.25303200e-01
 1.779   2.74156700e-01
 1.810   3.17857700e-01
 1.841   3.53600000e-01
 1.871   3.79302200e-01
 1.902   3.93836600e-01
 1.933   3.97346900e-01
 1.963   3.91645700e-01
 1.994   3.80652600e-01
 2.025   3.70640400e-01
 2.056   3.69576100e-01
 2.086   3.84624300e-01
 2.117   4.18595200e-01
 2.148   4.68616100e-01
 2.178   5.28203800e-01
 2.209   5.90041400e-01
 2.240   6.47530400e-01
 2.270   6.95323000e-01
 2.301   7.29465600e-01
 2.332   7.47461400e-01
 2.362   7.48335100e-01
 2.393   7.32705900e-01
 2.424   7.02858900e-01
 2.454   6.62791800e-01
 2.485   6.18170700e-01
 2.516   5.76002700e-01
 2.546   5.43638100e-01
 2.577   5.26773100e-01
 2.608   5.27049900e-01
 2.638   5.41123900e-01
 2.669   5.62238600e-01
 2.700   5.82872700e-01
 2.730   5.96621200e-01
 2.761   5.98934700e-01
 2.792   5.87186100e-01
 2.823   5.60484700e-01
 2.853   5.19421000e-01
 2.884   4.65801900e-01
 2.915   4.02391700e-01
 2.945   3.32672800e-01
 2.976   2.60673700e-01
 3.007   1.90998000e-01
 3.037   1.29523600e-01
 3.068   8.61198800e-02
 3.099   7.52173900e-02
 3.129   9.06773000e-02
 3.160   1.09815200e-01
 3.191   1.22108800e-01
 3.221   1.24865800e-01
 3.252   1.18194600e-01
 3.283   1.03458000e-01
 3.313   8.27247700e-02
 3.344   5.85600900e-02
 3.375   3.43589200e-02
 3.405   1.85755800e-02
 3.436   2.67765800e-02
 3.467   4.22578800e-02
 3.497   5.43080700e-02
 3.528   6.09801400e-02
 3.559   6.20619100e-02
 3.590   5.82303900e-02
 3.620   5.10164900e-02
 3.651   4.30842900e-02
 3.682   3.85061500e-02
 3.712   4.07999200e-02
 3.743   4.88349500e-02
 3.774   5.86926900e-02
 3.804   6.73731400e-02
 3.835   7.31937000e-02
 3.866   7.53576200e-02
 3.896   7.37019800e-02
 3.927   6.85791200e-02
 3.958   6.07942700e-02
 3.988   5.15776400e-02
 4.019   4.25808500e-02
 4.050   3.57582400e-02
 4.080   3.26007200e-02
 4.111   3.26888900e-02
 4.142   3.38103200e-02
 4.172   3.37650900e-02
 4.203   3.12319400e-02
 4.234   2.56963500e-02
 4.264   1.73351400e-02
 4.295   8.02873300e-03
 4.326   1.14017800e-02
 4.357   2.50340600e-02
 4.387   3.98856400e-02
 4.418   5.42766500e-02
 4.449   6.71837700e-02
 4.479   7.77934200e-02
 4.510   8.54898200e-02
 4.541   8.98762200e-02
 4.571   9.07888100e-02
 4.602   8.82957700e-02
 4.633   8.26810300e-02
 4.663   7.44145100e-02
 4.694   6.41124400e-02
 4.725   5.24932000e-02
 4.755   4.03379000e-02
 4.786   2.84790400e-02
 4.817   1.79085600e-02
 4.847   1.04588100e-02
 4.878   9.64238800e-03
 4.909   1.32826300e-02
 4.939   1.66393100e-02
 4.970   1.84039200e-02
 5.001   1.84067700e-02
 5.031   1.68120300e-02
 5.062   1.39420800e-02
 5.093   1.02420300e-02
 5.123   6.42420000e-03
 5.154   4.48857500e-03
 5.185   6.77097800e-03
 5.216   1.06040400e-02
 5.246   1.44302700e-02
 5.277   1.79034400e-02
 5.308   2.09598000e-02
 5.338   2.36366300e-02
 5.369   2.60070200e-02
 5.400   2.81368000e-02
 5.430   3.00555800e-02
 5.461   3.17456200e-02
 5.492   3.31487500e-02
 5.522   3.41860500e-02
 5.553   3.47821400e-02
 5.584   3.48871500e-02
 5.614   3.44922600e-02
 5.645   3.36370700e-02
 5.676   3.24086000e-02
 5.706   3.09317700e-02
 5.737   2.93515300e-02
 5.768   2.78074000e-02
 5.798   2.64039700e-02
 5.829   2.51855800e-02
 5.860   2.41258900e-02
 5.890   2.31391200e-02
 5.921   2.21085300e-02
 5.952   2.09194900e-02
step: 19 absorber: Au
 1.012   3.80245100e-02
 1.043   4.34835800e-02
 1.074   4.85228900e-02
 1.104   5.21713800e-02
 1.135   5.36963800e-02
 1.166   5.26657500e-02
 1.197   4.90615400e-02
 1.227   4.35232700e-02
 1.258   3.78696600e-02
 1.289   3.56878400e-02
 1.319   4.05424000e-02
 1.350   5.18038400e-02
 1.381   6.61539900e-02
 1.411   8.07268800e-02
 1.442   9.34490900e-02
 1.473   1.02780900e-01
 1.503   1.07667500e-01
 1.534   1.07686400e-01
 1.565   1.03401900e-01
 1.595   9.70340800e-02
 1.626   9.33478200e-02
 1.657   9.90925600e-02
 1.687   1.18417000e-01
 1.718   1.49585900e-01
 1.749   1.88132600e-01
 1.779   2.29836800e-01
 1.810   2.71231500e-01
 1.841   3.09466000e-01
 1.871   3.42253400e-01
 1.902   3.67946800e-01
 1.933   3.85692000e-01
 1.963   3.95617800e-01
 1.994   3.99025400e-01
 2.025   3.98510900e-01
 2.056   3.97869500e-01
 2.086   4.01546900e-01
 2.117   4.13479400e-01
 2.148   4.35663600e-01
 2.178   4.67345600e-01
 2.209   5.05391900e-01
 2.240   5.45409300e-01
 2.270   5.82833800e-01
 2.301   6.13646600e-01
 2.332   6.34771300e-01
 2.362   6.44301700e-01
 2.393   6.41653600e-01
 2.424   6.27685400e-01
 2.454   6.04787600e-01
 2.485   5.76896800e-01
 2.516   5.49298000e-01
 2.546   5.27950900e-01
 2.577   5.18081500e-01
 2.608   5.22304400e-01
 2.638   5.39428900e-01
 2.669   5.64974600e-01
 2.700   5.92915700e-01
 2.730   6.17346000e-01
 2.761   6.33418000e-01
 2.792   6.37676100e-01
 2.823   6.28078500e-01
 2.853   6.03894800e-01
 2.884   5.65554300e-01
 2.915   5.14470900e-01
 2.945   4.52849400e-01
 2.976   3.83479700e-01
 3.007   3.09526500e-01
 3.037   2.34329700e-01
 3.068   1.61254400e-01
 3.099   9.37718400e-02
 3.129   3.78150000e-02
 3.160   3.30687600e-02
 3.191   6.82982400e-02
 3.221   9.65967900e-02
 3.252   1.14110000e-01
 3.283   1.20872300e-01
 3.313   1.17878000e-01
 3.344   1.06725200e-01
 3.375   8.95328000e-02
 3.405   6.90900100e-02
 3.436   4.97142500e-02
 3.467   3.95118100e-02
 3.497   4.56832100e-02
 3.528   6.11909200e-02
 3.559   7.75078100e-02
 3.590   9.10143300e-02
 3.620   1.00269400e-01
 3.651   1.04747600e-01
 3.682   1.04437700e-01
 3.712   9.96735800e-02
 3.743   9.10347200e-02
 3.774   7.92764600e-02
 3.804   6.52930600e-02
 3.835   5.01519500e-02
 3.866   3.53622300e-02
 3.896   2.40333500e-02
 3.927   2.24684100e-02
 3.958   3.08935100e-02
 3.988   4.22509200e-02
 4.019   5.30923800e-02
 4.050   6.21865200e-02
 4.080   6.89733100e-02
 4.111   7.31665600e-02
 4.142   7.46489900e-02
 4.172   7.34422300e-02
 4.203   6.96991400e-02
 4.234   6.37034600e-02
 4.264   5.58752600e-02
 4.295   4.67919300e-02
 4.326   3.72579500e-02
 4.357   2.85120900e-02
 4.387   2.26343800e-02
 4.418   2.20070300e-02
 4.449   2.61196600e-02
 4.479   3.20676600e-02
 4.510   3.78394700e-02
 4.541   4.25113900e-02
 4.571   4.57060500e-02
 4.602   4.73329000e-02
 4.633   4.74810200e-02
 4.663   4.63634500e-02
 4.694   4.42770900e-02
 4.725   4.15657400e-02
 4.755   3.85815100e-02
 4.786   3.56432200e-02
 4.817   3.29940300e-02
 4.847   3.07680600e-02
 4.878   2.89807900e-02
 4.909   2.75538100e-02
 4.939   2.63650800e-02
 4.970   2.53007000e-02
 5.001   2.42866600e-02
 5.031   2.32945500e-02
 5.062   2.23274200e-02
 5.093   2.13966600e-02
 5.123   2.05004400e-02
 5.154   1.96121300e-02
 5.185   1.86821600e-02
 5.216   1.76508200e-02
 5.246   1.64658200e-02
 5.277   1.50982200e-02
 5.308   1.35537700e-02
 5.338   1.18798500e-02
 5.369   1.01707900e-02
 5.400   8.57399300e-03
 5.430   7.29157200e-03
 5.461   6.54138600e-03
 5.492   6.42494400e-03
 5.522   6.80984500e-03
 5.553   7.43159800e-03
 5.584   8.06856800e-03
 5.614   8.59992400e-03
 5.645   8.99215400e-03
 5.676   9.27570500e-03
 5.706   9.52277600e-03
 5.737   9.82104000e-03
 5.768   1.02415800e-02
 5.798   1.08100200e-02
 5.829   1.14954900e-02
 5.860   1.22216800e-02
 5.890   1.28898100e-02
 5.921   1.34005300e-02
 5.952   1.36689900e-02
